0.9
1.0
0.9473684210526315
1.0
0.95
1.0
0.95
0.8666666666666667
1.0
0.7428571428571429
1.0
0.896551724137931
0.9259259259259259
0.8648648648648649
0.8620689655172413
0.8260869565217391
1.0
0.9545454545454546
0.9259259259259259
0.9117647058823529
0.8636363636363636
0.8
1.0
0.8064516129032258
0.875
1.0
0.9166666666666666
0.8666666666666667
0.8260869565217391
0.8275862068965517
0.6333333333333333
0.9615384615384616
1.0
0.9444444444444444
0.7659574468085106
0.8928571428571429
0.8518518518518519
0.8620689655172413
0.7959183673469388
1.0
0.7837837837837838
0.625
1.0
1.0
0.9310344827586207
0.9444444444444444
0.8235294117647058
0.78125
1.0
0.85
0.8518518518518519
0.9047619047619048
1.0
0.8571428571428571
1.0
0.9230769230769231
0.9090909090909091
1.0
0.9
0.7966101694915254
0.92
0.8857142857142857
0.9629629629629629
0.9032258064516129
0.76
0.8648648648648649
0.7857142857142857
0.9473684210526315
0.9444444444444444
0.9459459459459459
0.8611111111111112
0.9
0.8857142857142857
1.0
0.8823529411764706
0.9166666666666666
0.8888888888888888
1.0
1.0
0.8571428571428571
0.9473684210526315
0.8181818181818182
1.0
0.8461538461538461
1.0
1.0
0.9230769230769231
0.8888888888888888
0.9473684210526315
0.8
1.0
0.9473684210526315
0.8571428571428571
1.0
1.0
0.9545454545454546
0.9
0.7631578947368421
1.0
0.9090909090909091
0.8571428571428571
0.8823529411764706
1.0
0.8297872340425532
1.0
1.0
0.9090909090909091
1.0
1.0
1.0
0.8157894736842105
0.9375
0.7450980392156863
0.9090909090909091
1.0
0.9629629629629629
0.8125
0.9259259259259259
0.8125
0.8947368421052632
1.0
0.9615384615384616
1.0
1.0
0.8421052631578947
0.9259259259259259
1.0
1.0
0.8484848484848485
1.0
0.8620689655172413
1.0
1.0
0.95
0.9333333333333333
0.7115384615384616
0.8333333333333334
0.875
0.9
1.0
1.0
1.0
0.84
0.9411764705882353
1.0
0.9629629629629629
0.8809523809523809
0.9473684210526315
0.875
0.85
0.8787878787878788
0.8636363636363636
0.8297872340425532
0.8108108108108109
0.8
0.7666666666666667
0.9166666666666666
0.8
0.9090909090909091
0.8888888888888888
1.0
1.0
0.9090909090909091
1.0
1.0
0.9310344827586207
0.8571428571428571
1.0
0.8181818181818182
0.825
1.0
1.0
0.8536585365853658
0.875
0.9230769230769231
0.8235294117647058
0.9411764705882353
1.0
0.9545454545454546
0.8181818181818182
0.8571428571428571
0.9583333333333334
1.0
1.0
1.0
0.8125
0.9047619047619048
1.0
0.9333333333333333
0.8484848484848485
1.0
0.875
0.88
1.0
0.8461538461538461
1.0
0.8823529411764706
1.0
1.0
0.8421052631578947
0.9444444444444444
0.8620689655172413
1.0
0.7818181818181819
1.0
0.8846153846153846
1.0
0.96875
0.9545454545454546
1.0
0.9444444444444444
0.9130434782608695
1.0
1.0
0.9090909090909091
0.7857142857142857
0.9411764705882353
0.9130434782608695
1.0
1.0
0.7777777777777778
1.0
0.9375
0.9047619047619048
0.9545454545454546
1.0
0.8666666666666667
0.8085106382978723
0.8787878787878788
0.8
1.0
0.8421052631578947
0.9166666666666666
0.9375
0.9166666666666666
0.9354838709677419
1.0
0.6521739130434783
1.0
1.0
0.8125
1.0
0.9166666666666666
1.0
0.9411764705882353
0.8125
0.9
0.8484848484848485
0.9444444444444444
1.0
0.875
1.0
0.9285714285714286
0.8421052631578947
0.875
0.8727272727272727
1.0
1.0
0.92
0.9090909090909091
0.9565217391304348
0.875
1.0
0.9333333333333333
0.75
0.9473684210526315
1.0
1.0
1.0
0.8275862068965517
0.8888888888888888
1.0
1.0
0.8648648648648649
1.0
0.9090909090909091
0.8888888888888888
0.9090909090909091
1.0
0.8604651162790697
0.8529411764705882
0.95
0.88
1.0
0.8333333333333334
0.8260869565217391
0.8571428571428571
0.9090909090909091
1.0
0.8666666666666667
1.0
0.8846153846153846
0.8461538461538461
0.8
0.9
0.8157894736842105
0.7692307692307693
1.0
0.8518518518518519
1.0
1.0
1.0
1.0
1.0
0.9545454545454546
0.9166666666666666
0.9285714285714286
1.0
0.875
1.0
0.9545454545454546
0.8611111111111112
0.92
1.0
0.78125
0.9545454545454546
1.0
0.9523809523809523
0.8484848484848485
1.0
1.0
1.0
1.0
0.918918918918919
1.0
0.96
1.0
0.9375
0.9117647058823529
1.0
0.875
0.8888888888888888
1.0
1.0
0.9230769230769231
0.8285714285714286
0.8536585365853658
0.92
1.0
1.0
0.8181818181818182
0.95
0.9259259259259259
0.9090909090909091
0.8823529411764706
1.0
1.0
0.9545454545454546
0.92
1.0
1.0
1.0
0.9285714285714286
1.0
0.9583333333333334
0.896551724137931
0.9473684210526315
0.8636363636363636
0.813953488372093
0.9130434782608695
0.9142857142857143
0.9411764705882353
0.9259259259259259
0.8709677419354839
0.8695652173913043
0.9565217391304348
0.9259259259259259
1.0
0.7837837837837838
1.0
0.8695652173913043
1.0
0.8214285714285714
0.782608695652174
0.8421052631578947
0.9523809523809523
1.0
0.9310344827586207
1.0
0.8823529411764706
0.8928571428571429
0.9090909090909091
0.8
0.8787878787878788
0.9
0.8529411764705882
1.0
0.88
0.7045454545454546
1.0
1.0
0.8461538461538461
0.9
0.8421052631578947
0.9629629629629629
0.9166666666666666
0.8648648648648649
0.8222222222222222
1.0
0.851063829787234
0.7692307692307693
0.9375
0.9090909090909091
0.9047619047619048
1.0
1.0
0.9069767441860465
0.8518518518518519
0.8260869565217391
0.8518518518518519
0.8857142857142857
0.9285714285714286
0.9
0.8333333333333334
0.8787878787878788
0.8648648648648649
0.9444444444444444
1.0
0.8571428571428571
0.8787878787878788
1.0
1.0
1.0
1.0
0.7894736842105263
0.8333333333333334
1.0
0.8529411764705882
0.9230769230769231
1.0
0.9047619047619048
0.84375
0.8205128205128205
1.0
0.9230769230769231
0.8275862068965517
0.8095238095238095
0.9473684210526315
0.7948717948717948
0.8235294117647058
0.8333333333333334
1.0
0.9259259259259259
0.9
0.9
0.84
1.0
1.0
1.0
0.9565217391304348
0.896551724137931
0.9565217391304348
0.8260869565217391
1.0
0.85
0.7142857142857143
0.75
1.0
0.875
0.896551724137931
0.9444444444444444
1.0
0.9090909090909091
0.88
0.9117647058823529
0.9230769230769231
1.0
1.0
0.8260869565217391
0.8928571428571429
0.96
0.8571428571428571
0.8666666666666667
0.82
0.8
0.8378378378378378
0.9444444444444444
0.8571428571428571
0.9545454545454546
0.9444444444444444
0.8888888888888888
1.0
0.825
0.8421052631578947
0.8823529411764706
1.0
0.88
0.9090909090909091
0.8936170212765957
0.775
0.9142857142857143
0.8717948717948718
0.8846153846153846
0.7857142857142857
0.7962962962962963
0.8888888888888888
1.0
1.0
0.84375
0.8064516129032258
0.7758620689655172
0.8529411764705882
0.8518518518518519
1.0
0.9310344827586207
0.9259259259259259
0.8571428571428571
0.8333333333333334
0.8823529411764706
0.9545454545454546
1.0
1.0
0.9583333333333334
1.0
0.8571428571428571
0.9333333333333333
1.0
1.0
1.0
1.0
1.0
0.8780487804878049
0.9444444444444444
1.0
1.0
1.0
0.8947368421052632
1.0
1.0
1.0
1.0
1.0
0.8260869565217391
1.0
0.9523809523809523
0.8
0.9722222222222222
0.8113207547169812
1.0
0.9565217391304348
0.8928571428571429
0.96
1.0
0.9655172413793104
0.875
1.0
0.7105263157894737
0.8181818181818182
0.75
0.6428571428571429
0.7777777777777778
0.7586206896551724
0.9545454545454546
1.0
1.0
0.8333333333333334
0.7777777777777778
1.0
1.0
1.0
0.9
1.0
1.0
0.84375
0.967741935483871
1.0
0.8387096774193549
0.96875
0.78125
0.7407407407407407
1.0
0.7857142857142857
0.9375
0.9285714285714286
1.0
0.9032258064516129
0.8611111111111112
1.0
0.8
1.0
0.92
0.8070175438596491
0.7741935483870968
1.0
0.875
0.9333333333333333
0.875
0.8709677419354839
0.8275862068965517
0.95
0.8297872340425532
0.7941176470588235
0.9565217391304348
0.8648648648648649
0.9444444444444444
0.8717948717948718
0.9090909090909091
1.0
0.9117647058823529
0.9285714285714286
0.896551724137931
1.0
0.8484848484848485
0.9411764705882353
0.9166666666666666
1.0
0.8636363636363636
1.0
0.85
0.9629629629629629
0.8709677419354839
0.8148148148148148
0.9655172413793104
0.9444444444444444
0.8928571428571429
0.9333333333333333
0.85
0.9473684210526315
0.95
1.0
0.95
1.0
0.8888888888888888
0.7435897435897436
0.9583333333333334
0.9473684210526315
0.9411764705882353
0.8333333333333334
0.9583333333333334
0.9166666666666666
0.84
0.9722222222222222
0.9166666666666666
0.9375
1.0
0.8181818181818182
0.9130434782608695
0.9473684210526315
0.9444444444444444
0.9375
0.9523809523809523
0.9259259259259259
0.9642857142857143
1.0
1.0
1.0
0.8571428571428571
0.9
0.8529411764705882
0.8809523809523809
0.868421052631579
0.9
1.0
0.8292682926829268
0.8888888888888888
0.88
0.8928571428571429
0.9615384615384616
0.9444444444444444
0.9333333333333333
0.96
0.9444444444444444
0.6862745098039216
0.9166666666666666
0.8928571428571429
0.9
1.0
0.9523809523809523
0.8666666666666667
0.9545454545454546
0.8148148148148148
1.0
0.8095238095238095
1.0
0.8648648648648649
0.9090909090909091
0.9310344827586207
0.9696969696969697
0.9230769230769231
1.0
1.0
1.0
1.0
0.88
0.9615384615384616
1.0
0.8636363636363636
1.0
1.0
0.9047619047619048
1.0
1.0
0.9565217391304348
0.7636363636363637
1.0
0.8636363636363636
1.0
0.8837209302325582
0.8620689655172413
0.74
0.8085106382978723
0.8857142857142857
0.8529411764705882
0.9
0.8333333333333334
1.0
0.95
0.9285714285714286
1.0
0.8461538461538461
0.9523809523809523
0.7647058823529411
0.9411764705882353
0.8717948717948718
0.8108108108108109
0.9473684210526315
1.0
1.0
0.9655172413793104
0.9375
0.7714285714285715
0.75
1.0
1.0
0.9629629629629629
0.8928571428571429
1.0
0.7021276595744681
0.7954545454545454
1.0
1.0
1.0
0.8461538461538461
0.9545454545454546
1.0
0.7916666666666666
0.875
0.8378378378378378
0.8717948717948718
0.9473684210526315
1.0
0.8085106382978723
0.868421052631579
0.8571428571428571
0.9090909090909091
0.9714285714285714
0.82
0.9333333333333333
0.8484848484848485
0.8245614035087719
0.7894736842105263
0.9615384615384616
1.0
0.7777777777777778
0.8333333333333334
1.0
0.9655172413793104
0.8148148148148148
0.8113207547169812
0.7857142857142857
0.875
1.0
0.8837209302325582
0.9583333333333334
0.967741935483871
1.0
0.896551724137931
0.8666666666666667
0.7567567567567568
1.0
0.9230769230769231
0.896551724137931
0.8157894736842105
0.9545454545454546
0.88
0.8846153846153846
0.8888888888888888
0.8648648648648649
1.0
0.7916666666666666
0.9166666666666666
0.9047619047619048
1.0
0.7631578947368421
0.8846153846153846
0.8478260869565217
0.8809523809523809
0.9
0.8571428571428571
0.8166666666666667
1.0
1.0
0.8392857142857143
1.0
0.8571428571428571
0.9375
1.0
0.8604651162790697
0.9444444444444444
0.96875
1.0
1.0
0.84375
1.0
0.9259259259259259
1.0
0.8928571428571429
0.85
0.8928571428571429
0.9333333333333333
0.96
1.0
0.8222222222222222
0.8518518518518519
0.9444444444444444
0.9090909090909091
0.9047619047619048
0.8461538461538461
0.9166666666666666
0.875
0.8333333333333334
0.9166666666666666
0.9285714285714286
1.0
0.9333333333333333
0.8235294117647058
1.0
0.8928571428571429
0.7906976744186046
0.9032258064516129
0.76
0.9032258064516129
0.9090909090909091
1.0
0.875
0.8717948717948718
0.92
0.8636363636363636
0.918918918918919
0.9090909090909091
0.9333333333333333
1.0
1.0
1.0
1.0
0.9047619047619048
0.85
1.0
0.9
0.8928571428571429
1.0
0.84375
0.875
0.7804878048780488
1.0
1.0
0.78125
0.8333333333333334
0.8387096774193549
1.0
0.9583333333333334
1.0
0.9333333333333333
1.0
1.0
0.9583333333333334
0.7857142857142857
0.8461538461538461
0.8857142857142857
0.96
0.8
1.0
0.9230769230769231
0.9666666666666667
0.9473684210526315
1.0
0.8043478260869565
0.9
0.96
0.8275862068965517
0.95
0.8823529411764706
1.0
1.0
1.0
1.0
0.95
1.0
0.8181818181818182
0.9166666666666666
0.9333333333333333
1.0
0.8461538461538461
0.9285714285714286
0.96
0.7894736842105263
0.9142857142857143
0.9523809523809523
0.7222222222222222
0.8387096774193549
0.9696969696969697
1.0
0.7906976744186046
0.9411764705882353
0.9393939393939394
1.0
0.9166666666666666
0.9
0.9473684210526315
0.8333333333333334
1.0
1.0
1.0
0.78125
0.9047619047619048
0.8
0.9523809523809523
0.6829268292682927
1.0
0.75
0.88
0.8333333333333334
0.8461538461538461
0.967741935483871
1.0
0.9285714285714286
0.9
0.8947368421052632
1.0
0.8974358974358975
0.8103448275862069
0.9090909090909091
0.8135593220338984
0.9615384615384616
0.8333333333333334
0.896551724137931
0.8787878787878788
0.7794117647058824
0.896551724137931
1.0
0.9393939393939394
0.8636363636363636
0.9310344827586207
0.9090909090909091
1.0
0.8461538461538461
0.9259259259259259
0.92
0.8372093023255814
0.8571428571428571
1.0
0.9130434782608695
0.8846153846153846
0.8260869565217391
0.9411764705882353
0.8292682926829268
0.9090909090909091
0.9148936170212766
0.8333333333333334
1.0
0.8888888888888888
0.8
0.9130434782608695
0.7777777777777778
1.0
0.9545454545454546
0.7941176470588235
0.9230769230769231
1.0
1.0
1.0
0.8918918918918919
0.8333333333333334
0.7391304347826086
0.7536231884057971
1.0
0.703125
0.9642857142857143
0.7872340425531915
1.0
1.0
0.782608695652174
0.8392857142857143
0.7254901960784313
0.92
0.9545454545454546
0.9166666666666666
0.8292682926829268
0.9375
0.8333333333333334
0.9
0.7142857142857143
0.9333333333333333
0.7333333333333333
0.8
0.9230769230769231
0.7555555555555555
0.8611111111111112
0.782608695652174
0.8484848484848485
0.9565217391304348
0.7547169811320755
0.8947368421052632
0.9310344827586207
0.8913043478260869
0.9
0.8928571428571429
0.8333333333333334
0.8333333333333334
0.9
1.0
0.9090909090909091
1.0
0.9130434782608695
0.9259259259259259
0.8571428571428571
1.0
0.8148148148148148
1.0
0.9333333333333333
1.0
0.8260869565217391
1.0
0.8035714285714286
0.746031746031746
0.8043478260869565
1.0
0.9032258064516129
0.90625
0.9333333333333333
0.8387096774193549
1.0
0.8918918918918919
0.8888888888888888
0.9354838709677419
0.8857142857142857
0.8333333333333334
0.92
0.782608695652174
0.8928571428571429
0.9285714285714286
0.8888888888888888
0.9285714285714286
0.8888888888888888
1.0
0.8571428571428571
0.9047619047619048
0.8918918918918919
0.8387096774193549
1.0
0.875
1.0
1.0
1.0
0.7333333333333333
0.75
0.7241379310344828
0.8333333333333334
0.875
0.90625
0.8108108108108109
0.8378378378378378
0.8947368421052632
0.875
0.8333333333333334
1.0
0.8974358974358975
0.9629629629629629
0.9354838709677419
0.9032258064516129
0.7450980392156863
0.7959183673469388
0.88
1.0
0.8157894736842105
0.96875
0.875
0.746031746031746
0.896551724137931
0.7428571428571429
0.8666666666666667
0.8928571428571429
0.9583333333333334
0.9
0.9
0.88
0.8148148148148148
0.9523809523809523
0.9545454545454546
0.9285714285714286
0.875
0.88
0.8181818181818182
0.8148148148148148
0.9230769230769231
0.9090909090909091
0.9285714285714286
0.775
0.84
0.8947368421052632
0.8888888888888888
0.8333333333333334
0.9565217391304348
1.0
0.8636363636363636
0.9444444444444444
1.0
0.9310344827586207
0.9
1.0
0.95
0.84375
0.875
0.8387096774193549
0.92
0.7272727272727273
0.9230769230769231
0.7954545454545454
1.0
0.8076923076923077
0.9629629629629629
0.8571428571428571
0.9473684210526315
0.95
0.8260869565217391
0.7
0.9166666666666666
0.6666666666666666
0.8484848484848485
1.0
0.8275862068965517
0.8125
0.8181818181818182
1.0
0.84375
1.0
0.9230769230769231
0.9666666666666667
0.8148148148148148
0.8387096774193549
1.0
0.9473684210526315
0.7560975609756098
0.7837837837837838
0.7857142857142857
0.9117647058823529
0.8275862068965517
0.8709677419354839
0.9
0.7833333333333333
0.8666666666666667
0.9310344827586207
1.0
1.0
0.96
0.8181818181818182
0.88
0.65
1.0
0.8947368421052632
0.9032258064516129
1.0
1.0
0.8717948717948718
0.8888888888888888
0.7647058823529411
0.8717948717948718
0.8936170212765957
0.8846153846153846
0.9411764705882353
0.7777777777777778
1.0
0.9565217391304348
1.0
0.85
1.0
1.0
1.0
0.92
0.7027027027027027
0.8076923076923077
1.0
1.0
0.90625
0.8627450980392157
0.6911764705882353
1.0
1.0
0.9
1.0
0.72
0.7441860465116279
0.9615384615384616
1.0
0.8823529411764706
0.7837837837837838
0.7916666666666666
0.9565217391304348
0.9024390243902439
0.825
0.875
0.7333333333333333
0.9411764705882353
0.8235294117647058
0.8095238095238095
0.8709677419354839
1.0
0.9130434782608695
0.8055555555555556
0.9565217391304348
0.9166666666666666
0.7777777777777778
1.0
0.8571428571428571
0.8918918918918919
1.0
0.8611111111111112
0.7777777777777778
0.9259259259259259
0.9310344827586207
0.8571428571428571
0.7666666666666667
0.8
0.8620689655172413
0.8620689655172413
0.8666666666666667
1.0
0.8928571428571429
1.0
0.9285714285714286
0.9130434782608695
1.0
0.9545454545454546
0.9473684210526315
0.8571428571428571
0.90625
0.8333333333333334
0.8888888888888888
0.9130434782608695
1.0
0.9090909090909091
0.95
0.8787878787878788
0.9411764705882353
0.9285714285714286
0.9333333333333333
0.9375
1.0
0.813953488372093
0.8837209302325582
0.782608695652174
0.8947368421052632
0.9666666666666667
1.0
0.8709677419354839
0.9375
0.8928571428571429
0.9565217391304348
0.84375
0.45454545454545453
0.9565217391304348
1.0
1.0
0.9444444444444444
0.9411764705882353
0.8857142857142857
0.7435897435897436
0.8260869565217391
0.8611111111111112
0.7567567567567568
0.8421052631578947
0.78
0.88
0.918918918918919
0.9285714285714286
0.8387096774193549
0.7674418604651163
0.9
1.0
0.90625
0.8709677419354839
0.875
0.9565217391304348
1.0
0.85
0.8333333333333334
0.8823529411764706
0.8666666666666667
0.7872340425531915
0.9
0.7948717948717948
0.8666666666666667
0.9545454545454546
1.0
0.9210526315789473
0.8709677419354839
1.0
0.7948717948717948
1.0
0.875
0.9545454545454546
0.8181818181818182
0.9583333333333334
1.0
0.8627450980392157
1.0
0.9090909090909091
1.0
0.7631578947368421
0.9411764705882353
0.8529411764705882
0.868421052631579
0.7446808510638298
0.9523809523809523
1.0
0.96
0.9230769230769231
0.8571428571428571
1.0
0.8666666666666667
0.868421052631579
0.9444444444444444
1.0
0.8695652173913043
0.7894736842105263
1.0
1.0
0.9354838709677419
1.0
0.9375
0.8846153846153846
0.9230769230769231
0.8620689655172413
0.9523809523809523
0.8571428571428571
1.0
0.8888888888888888
1.0
1.0
0.8947368421052632
0.8888888888888888
0.8857142857142857
0.8823529411764706
0.8787878787878788
0.9333333333333333
0.8888888888888888
0.8333333333333334
0.9032258064516129
0.8292682926829268
0.92
0.9285714285714286
0.9142857142857143
1.0
0.9473684210526315
0.8536585365853658
0.96
0.9285714285714286
0.9130434782608695
0.75
0.88
1.0
1.0
0.9310344827586207
1.0
0.8666666666666667
0.8611111111111112
0.9259259259259259
0.8571428571428571
0.84375
0.9666666666666667
0.8064516129032258
0.8928571428571429
0.8421052631578947
0.95
0.9047619047619048
1.0
1.0
0.9166666666666666
0.8571428571428571
0.8461538461538461
1.0
0.9473684210526315
0.8275862068965517
0.7777777777777778
0.8947368421052632
1.0
0.9444444444444444
1.0
0.9090909090909091
0.8928571428571429
0.9354838709677419
0.9642857142857143
0.8888888888888888
0.8846153846153846
0.8461538461538461
1.0
0.9
0.9166666666666666
1.0
0.8888888888888888
0.92
0.8148148148148148
1.0
0.8461538461538461
0.8214285714285714
0.9090909090909091
0.8888888888888888
0.9230769230769231
0.95
0.9230769230769231
0.8108108108108109
0.8333333333333334
0.9512195121951219
1.0
1.0
0.9473684210526315
0.9047619047619048
1.0
0.9230769230769231
0.95
0.8297872340425532
0.82
0.6285714285714286
0.8571428571428571
0.90625
1.0
0.8823529411764706
0.9285714285714286
1.0
0.875
0.9166666666666666
0.8947368421052632
1.0
1.0
1.0
0.8888888888888888
1.0
0.90625
0.9230769230769231
1.0
0.8695652173913043
0.8571428571428571
0.9032258064516129
0.8260869565217391
1.0
0.9583333333333334
1.0
0.8444444444444444
0.8055555555555556
0.8857142857142857
0.8648648648648649
1.0
0.9
1.0
0.8636363636363636
0.9523809523809523
0.9166666666666666
0.875
0.8387096774193549
0.8918918918918919
0.875
0.8888888888888888
0.8333333333333334
0.9333333333333333
0.8809523809523809
0.8387096774193549
0.9
0.9375
0.7380952380952381
0.9
0.9230769230769231
0.8947368421052632
0.9117647058823529
0.96
0.7906976744186046
0.8717948717948718
0.8
1.0
0.9333333333333333
0.9166666666666666
1.0
0.84
0.7959183673469388
0.7959183673469388
0.8378378378378378
1.0
1.0
1.0
0.8
1.0
0.8157894736842105
1.0
0.8026315789473685
1.0
0.7941176470588235
0.9375
0.8918918918918919
0.9333333333333333
0.8648648648648649
0.8181818181818182
0.8333333333333334
1.0
0.9090909090909091
0.8666666666666667
0.8125
0.9285714285714286
0.8157894736842105
0.88
0.9583333333333334
1.0
1.0
0.9523809523809523
0.8571428571428571
0.8333333333333334
0.9411764705882353
0.9
0.8166666666666667
0.9629629629629629
0.8055555555555556
0.9333333333333333
0.7551020408163265
0.84
1.0
0.8529411764705882
1.0
0.8947368421052632
0.8888888888888888
0.8947368421052632
0.9615384615384616
0.9375
0.9047619047619048
1.0
0.8571428571428571
0.9375
1.0
0.95
0.9523809523809523
1.0
0.85
0.92
0.92
1.0
0.875
1.0
0.8163265306122449
0.9428571428571428
0.9130434782608695
1.0
0.9523809523809523
0.7619047619047619
1.0
0.7291666666666666
0.9090909090909091
0.875
1.0
1.0
0.9285714285714286
0.8695652173913043
1.0
0.8157894736842105
1.0
0.8571428571428571
0.8333333333333334
0.9130434782608695
0.9393939393939394
0.8888888888888888
0.8611111111111112
1.0
0.8571428571428571
0.9642857142857143
1.0
1.0
0.8947368421052632
1.0
1.0
1.0
1.0
1.0
0.8064516129032258
0.85
1.0
1.0
1.0
0.8787878787878788
0.8571428571428571
1.0
1.0
0.7941176470588235
1.0
1.0
0.9333333333333333
0.9411764705882353
0.8636363636363636
1.0
1.0
1.0
1.0
0.9166666666666666
0.8163265306122449
1.0
1.0
0.9
0.8181818181818182
1.0
0.9166666666666666
0.8571428571428571
1.0
0.9032258064516129
0.8571428571428571
1.0
0.85
0.775
0.8214285714285714
0.95
0.8275862068965517
0.9666666666666667
1.0
1.0
1.0
1.0
1.0
0.9032258064516129
1.0
0.9354838709677419
1.0
1.0
0.9375
0.95
1.0
1.0
1.0
1.0
0.8409090909090909
0.868421052631579
0.7659574468085106
1.0
0.7916666666666666
0.7575757575757576
0.7254901960784313
1.0
1.0
0.9130434782608695
0.8627450980392157
0.9333333333333333
0.875
0.8636363636363636
0.8076923076923077
0.8888888888888888
1.0
0.8
0.8181818181818182
1.0
1.0
0.9523809523809523
0.8648648648648649
0.8888888888888888
0.8666666666666667
0.8846153846153846
0.7948717948717948
0.8888888888888888
1.0
0.7647058823529411
0.9583333333333334
0.9565217391304348
0.9166666666666666
0.8421052631578947
0.92
0.8
1.0
0.88
0.8157894736842105
0.9166666666666666
0.7575757575757576
0.8611111111111112
0.8888888888888888
1.0
1.0
0.84
0.7391304347826086
1.0
1.0
0.9285714285714286
0.8620689655172413
0.9523809523809523
0.8421052631578947
1.0
0.8571428571428571
0.9230769230769231
0.8529411764705882
1.0
0.8787878787878788
0.9523809523809523
0.9565217391304348
0.9
0.8928571428571429
1.0
0.8076923076923077
1.0
0.8205128205128205
1.0
0.8484848484848485
0.8888888888888888
0.9310344827586207
0.875
0.9523809523809523
0.9375
0.875
0.9259259259259259
0.8421052631578947
1.0
0.9130434782608695
0.7916666666666666
0.6326530612244898
0.8571428571428571
1.0
1.0
1.0
0.8421052631578947
1.0
1.0
1.0
0.85
0.8648648648648649
0.8076923076923077
0.72
0.9117647058823529
0.9047619047619048
0.8611111111111112
1.0
0.7837837837837838
1.0
1.0
0.9565217391304348
0.9473684210526315
0.9444444444444444
1.0
0.9666666666666667
0.95
0.96875
0.9090909090909091
0.9
1.0
0.85
0.9615384615384616
0.9285714285714286
0.9333333333333333
0.9655172413793104
0.9333333333333333
0.9714285714285714
0.7857142857142857
0.9333333333333333
1.0
0.88
0.9130434782608695
1.0
0.8666666666666667
0.8235294117647058
0.8157894736842105
0.9047619047619048
0.8
0.9523809523809523
1.0
1.0
0.8918918918918919
1.0
0.7906976744186046
1.0
1.0
1.0
0.8717948717948718
0.8846153846153846
0.8260869565217391
0.9523809523809523
0.8125
1.0
0.9047619047619048
1.0
0.9090909090909091
1.0
1.0
0.9166666666666666
0.9523809523809523
0.9
0.875
0.9705882352941176
1.0
0.875
1.0
0.7560975609756098
0.8611111111111112
0.8387096774193549
1.0
0.6410256410256411
0.9090909090909091
1.0
0.8636363636363636
0.9166666666666666
1.0
0.8947368421052632
1.0
1.0
0.9230769230769231
1.0
0.85
1.0
0.9166666666666666
0.8974358974358975
0.8888888888888888
0.8648648648648649
0.9473684210526315
0.9375
0.7954545454545454
0.9411764705882353
0.9512195121951219
0.75
0.75
1.0
1.0
1.0
0.9230769230769231
1.0
1.0
0.8387096774193549
1.0
1.0
0.8787878787878788
0.9444444444444444
0.8085106382978723
0.8888888888888888
0.8032786885245902
0.8620689655172413
0.8333333333333334
0.7441860465116279
1.0
0.95
1.0
0.96
0.8
0.9230769230769231
1.0
0.9285714285714286
1.0
1.0
0.7916666666666666
0.9166666666666666
0.9333333333333333
0.875
1.0
0.84375
0.875
1.0
1.0
1.0
1.0
1.0
0.8
0.9615384615384616
0.9310344827586207
0.875
0.8695652173913043
1.0
1.0
0.8181818181818182
0.9130434782608695
0.9545454545454546
0.7567567567567568
0.9
0.8275862068965517
0.7894736842105263
1.0
0.9615384615384616
0.8888888888888888
1.0
1.0
0.8571428571428571
1.0
0.7741935483870968
1.0
1.0
0.7843137254901961
0.8222222222222222
1.0
1.0
0.85
1.0
0.9230769230769231
0.8
0.8695652173913043
1.0
1.0
1.0
0.9375
0.9411764705882353
0.8148148148148148
0.9310344827586207
0.8918918918918919
0.9523809523809523
0.8444444444444444
0.85
0.9333333333333333
0.8888888888888888
0.8666666666666667
0.95
0.8888888888888888
0.825
0.8333333333333334
0.7419354838709677
0.7741935483870968
0.7291666666666666
1.0
0.9411764705882353
1.0
0.7941176470588235
1.0
0.8518518518518519
0.8947368421052632
0.8461538461538461
0.6025641025641025
1.0
1.0
1.0
1.0
0.7818181818181819
0.8461538461538461
1.0
0.95
0.9473684210526315
0.9183673469387755
0.9473684210526315
0.9130434782608695
0.9090909090909091
0.7647058823529411
1.0
0.8421052631578947
0.8666666666666667
0.71875
0.8695652173913043
1.0
1.0
0.5714285714285714
1.0
0.8611111111111112
0.9
0.7727272727272727
1.0
0.92
0.7741935483870968
0.9117647058823529
0.7794117647058824
0.9166666666666666
0.9411764705882353
0.9545454545454546
0.9047619047619048
0.9411764705882353
0.825
1.0
0.9473684210526315
1.0
0.9047619047619048
1.0
0.9090909090909091
0.9545454545454546
0.8333333333333334
0.9411764705882353
0.9375
0.96
0.9
1.0
0.9285714285714286
1.0
0.9230769230769231
0.75
0.8666666666666667
0.8928571428571429
0.7857142857142857
0.95
1.0
0.9375
1.0
1.0
1.0
1.0
1.0
1.0
0.9166666666666666
1.0
1.0
1.0
1.0
0.92
0.8888888888888888
1.0
0.9615384615384616
1.0
0.38961038961038963
0.8666666666666667
0.9090909090909091
