10
21
19
14
20
14
20
30
19
35
18
29
27
37
29
23
9
22
27
34
22
35
13
31
8
10
12
15
46
29
60
26
11
18
47
28
27
29
49
13
37
56
9
10
29
18
51
32
6
20
27
21
9
35
15
26
22
7
20
59
25
35
27
31
50
37
42
38
18
37
36
30
35
18
34
12
45
12
12
14
38
66
25
26
15
16
13
18
19
55
10
19
21
17
21
22
10
38
8
11
7
34
9
47
15
8
11
9
7
8
38
16
51
11
17
27
32
27
32
19
17
26
17
7
38
27
16
26
33
10
29
23
18
20
15
52
24
24
30
11
14
21
25
17
8
27
42
19
16
20
33
22
47
37
25
30
24
35
11
18
16
9
11
16
13
29
14
28
22
40
13
18
41
40
13
34
17
7
22
44
28
24
19
18
21
32
21
9
15
33
13
16
25
23
39
6
17
16
13
19
18
29
10
55
16
26
20
32
22
15
18
23
14
20
11
28
17
23
10
16
27
15
32
21
22
9
45
47
33
20
20
19
24
16
24
31
8
23
8
9
48
20
12
11
17
32
30
33
18
14
24
13
14
38
24
55
15
22
25
22
23
16
11
30
36
19
6
21
14
29
18
7
14
37
8
22
36
11
7
43
34
20
25
17
36
23
35
22
12
30
11
26
65
35
10
38
39
11
27
17
17
15
8
10
22
24
28
13
32
6
22
36
25
7
32
22
19
21
33
6
9
8
15
37
6
25
8
16
34
6
32
27
17
14
13
35
41
25
9
13
33
20
27
22
17
9
16
22
25
11
25
7
28
17
24
29
19
44
43
23
35
17
27
31
23
23
27
15
37
15
23
14
28
46
38
21
8
29
23
17
28
22
15
33
20
34
10
25
44
21
12
13
10
19
27
12
37
45
9
47
52
16
11
21
9
14
43
27
23
27
35
14
30
18
33
37
18
8
28
33
15
12
7
5
38
18
5
34
26
6
21
32
39
12
26
29
21
19
39
17
18
12
27
30
30
25
17
9
10
23
29
23
23
20
40
14
28
11
16
29
18
9
33
25
34
26
15
5
46
28
25
42
30
50
45
37
18
21
22
18
18
17
40
38
17
22
25
11
47
40
35
39
26
42
54
27
10
14
32
31
58
34
27
12
29
27
35
18
34
22
12
17
24
15
28
15
14
14
10
19
11
41
18
11
4
14
19
8
12
12
15
18
23
6
21
50
36
53
9
23
28
25
5
29
16
11
38
22
24
42
18
29
22
8
6
6
27
8
10
20
30
17
15
32
31
21
31
32
64
54
8
28
32
14
18
31
36
14
60
14
25
57
62
7
8
30
16
31
29
20
47
34
23
37
36
39
33
13
34
28
29
11
33
17
12
7
22
7
40
27
31
54
29
18
28
30
40
19
20
15
20
9
27
39
24
19
17
18
24
12
25
36
36
16
14
33
23
19
18
32
21
27
28
15
16
20
14
20
34
42
38
50
11
41
36
25
28
26
18
30
25
18
51
24
28
40
15
21
30
22
54
16
21
14
37
33
29
33
13
16
6
10
9
25
26
13
22
13
22
21
8
16
23
55
15
22
16
43
29
50
47
35
34
20
42
21
20
28
12
39
21
51
17
39
37
19
12
9
29
16
35
64
7
9
27
28
15
47
44
8
33
34
39
22
20
48
32
37
39
19
21
47
38
28
11
35
50
15
33
57
57
26
14
45
24
14
29
54
53
56
32
18
43
24
31
18
29
30
37
8
39
29
38
22
25
26
36
37
9
48
24
21
15
38
26
46
42
20
28
60
11
28
56
19
21
32
18
43
18
32
26
23
32
32
27
13
28
40
28
30
25
6
45
27
36
11
21
26
12
16
12
12
14
12
15
17
13
28
43
31
25
31
22
5
40
39
25
22
37
22
15
21
8
11
5
21
40
5
40
28
17
32
24
41
4
10
32
30
31
7
24
10
15
9
11
24
42
39
35
25
25
19
13
30
19
11
46
30
25
29
20
17
11
17
13
13
20
14
33
24
15
20
26
14
25
19
35
21
18
31
33
13
43
17
33
12
24
10
19
18
6
11
8
32
21
10
21
41
11
56
25
60
52
31
14
28
40
38
14
39
58
22
59
26
30
29
33
68
29
4
33
22
29
33
19
26
27
25
43
28
13
23
26
23
34
41
22
47
48
10
9
20
23
9
8
22
34
13
6
7
18
37
60
46
69
16
64
28
47
24
20
69
56
51
25
22
24
41
16
42
30
42
15
45
30
26
45
36
46
33
23
53
19
29
46
20
28
18
36
20
25
22
18
23
27
28
7
27
23
15
11
23
12
56
63
46
9
31
32
30
31
6
37
36
31
35
36
25
46
28
14
9
28
9
6
28
21
37
31
10
32
13
13
8
15
48
58
36
40
32
37
37
38
56
30
12
39
27
31
31
51
49
25
13
38
32
32
63
29
35
30
28
24
30
20
25
27
21
22
14
8
25
22
27
26
11
28
40
25
38
9
48
23
15
22
18
8
29
20
23
20
32
40
31
25
33
26
44
17
26
27
35
19
20
46
10
24
27
33
5
29
16
11
13
32
7
13
30
27
31
18
19
41
37
28
34
29
31
30
60
30
29
12
7
25
44
25
40
16
38
31
17
10
39
27
51
39
47
26
17
36
9
23
13
20
12
18
22
25
37
26
9
13
32
51
68
17
6
10
14
25
43
26
6
17
37
24
23
41
40
40
30
17
34
42
31
5
46
36
23
24
36
24
35
37
20
36
36
27
29
21
30
25
29
29
15
9
28
25
28
23
13
22
19
35
32
18
18
23
6
22
20
33
17
28
15
16
16
43
43
23
19
30
12
31
16
28
23
32
11
23
9
4
18
17
35
39
23
36
37
19
50
25
37
14
31
43
10
20
32
31
32
23
22
40
36
34
30
47
30
39
45
22
13
38
31
20
39
5
24
22
55
24
11
51
16
22
7
38
17
34
38
47
21
5
25
13
35
22
30
38
18
15
23
38
15
8
31
15
16
26
26
29
21
21
14
36
12
15
19
36
35
34
33
15
36
36
31
41
25
14
35
10
19
41
25
14
23
36
25
10
18
29
15
30
36
27
21
32
30
31
28
19
20
21
6
11
24
35
26
14
19
29
63
19
22
18
13
22
28
31
28
45
26
39
16
30
12
12
18
25
27
13
26
28
44
36
13
20
39
37
36
41
16
5
19
21
9
13
20
47
50
35
21
32
13
34
14
12
24
12
19
9
11
9
18
10
32
13
24
23
42
31
46
14
24
11
45
36
35
37
15
30
11
44
21
12
40
31
37
16
36
36
15
42
31
30
16
42
20
13
38
34
25
43
39
40
7
30
12
9
25
49
49
37
13
12
5
20
7
38
14
76
15
68
16
37
30
37
22
30
10
33
30
32
28
38
25
24
10
13
21
35
48
34
30
60
27
36
30
49
25
2
34
23
38
27
19
26
16
21
9
28
32
11
40
21
15
20
25
25
14
40
9
49
35
23
19
21
21
11
48
33
16
17
7
28
23
13
38
7
28
36
23
33
18
36
9
28
28
9
14
19
6
7
8
7
18
31
20
7
13
5
33
35
12
14
34
17
23
15
17
22
19
16
13
14
12
49
17
12
30
22
7
36
35
17
31
14
8
20
40
28
20
29
30
24
14
16
16
10
31
13
31
6
20
16
20
14
13
19
8
44
38
47
12
48
33
51
8
19
23
51
15
24
22
26
18
12
25
44
13
13
21
37
27
45
26
39
18
22
17
24
23
12
38
25
40
9
25
38
24
33
36
36
17
18
25
46
7
15
14
29
21
38
15
21
13
34
9
33
21
23
20
28
15
26
16
39
14
33
36
29
48
21
32
32
27
19
5
46
48
49
21
7
4
7
19
4
6
7
20
37
26
25
34
21
36
13
37
8
10
23
19
18
19
30
20
32
33
30
21
40
26
14
30
29
15
35
28
15
7
25
23
14
15
34
38
21
10
21
5
7
37
15
43
8
19
13
39
26
23
21
32
16
21
14
22
13
13
12
21
20
48
34
9
32
18
41
36
31
18
39
22
15
22
12
10
19
10
21
26
14
20
6
12
39
18
37
19
16
44
17
41
36
40
14
5
14
26
4
4
31
9
15
33
18
47
18
61
29
18
43
10
20
11
25
30
26
5
14
7
6
24
12
15
24
7
32
8
14
20
9
10
12
25
26
29
24
23
8
11
22
23
22
37
10
29
19
12
26
27
5
9
35
12
62
15
9
51
45
11
18
40
6
26
35
23
7
15
20
32
17
27
29
37
21
45
20
30
18
45
20
27
40
30
31
31
48
12
34
18
34
6
27
19
13
78
5
7
9
17
55
13
10
20
19
49
19
23
11
34
6
19
15
64
23
10
15
7
13
36
30
44
25
25
31
34
68
12
34
22
21
17
40
21
19
18
21
8
33
22
30
34
32
25
30
22
14
6
13
12
30
28
28
20
23
32
26
11
4
5
6
8
24
15
6
5
12
25
27
19
26
9
77
15
11
