0.8888888888888888
1.0
0.9473684210526315
1.0
0.9047619047619048
1.0
0.95
0.8666666666666667
1.0
0.7428571428571429
1.0
0.8275862068965517
0.9
0.8378378378378378
0.8571428571428571
0.8260869565217391
0.9230769230769231
0.9523809523809523
0.9259259259259259
0.9117647058823529
0.8636363636363636
0.8
1.0
0.8666666666666667
0.8571428571428571
1.0
0.9166666666666666
0.8666666666666667
0.8260869565217391
0.8275862068965517
0.65
0.9615384615384616
1.0
0.9411764705882353
0.7659574468085106
0.9285714285714286
0.8846153846153846
0.8620689655172413
0.78
1.0
0.7894736842105263
0.625
1.0
1.0
0.9310344827586207
0.9444444444444444
0.8235294117647058
0.78125
1.0
0.9411764705882353
0.8518518518518519
0.9047619047619048
1.0
0.8571428571428571
1.0
0.9230769230769231
0.9090909090909091
1.0
0.9
0.8
0.92
0.8857142857142857
0.9629629629629629
0.9032258064516129
0.7755102040816326
0.8918918918918919
0.825
0.9459459459459459
0.9473684210526315
0.972972972972973
0.8611111111111112
0.9
0.8857142857142857
1.0
0.8611111111111112
0.9166666666666666
0.9024390243902439
1.0
1.0
0.8571428571428571
0.9230769230769231
0.8
1.0
0.8461538461538461
1.0
0.9375
0.9166666666666666
0.8333333333333334
0.9473684210526315
0.8363636363636363
1.0
0.9473684210526315
0.8571428571428571
1.0
1.0
0.9523809523809523
0.9
0.7368421052631579
1.0
0.9
0.8571428571428571
0.8857142857142857
1.0
0.8409090909090909
1.0
1.0
0.9090909090909091
1.0
1.0
1.0
0.8157894736842105
0.9375
0.7450980392156863
0.9090909090909091
1.0
0.9629629629629629
0.8064516129032258
0.9259259259259259
0.8387096774193549
0.8571428571428571
1.0
0.9615384615384616
1.0
1.0
0.8421052631578947
0.9259259259259259
1.0
1.0
0.8484848484848485
1.0
0.8620689655172413
1.0
1.0
0.95
0.9333333333333333
0.6923076923076923
0.8333333333333334
0.9090909090909091
0.9655172413793104
1.0
1.0
1.0
0.84
0.9411764705882353
1.0
0.9629629629629629
0.9285714285714286
0.9473684210526315
0.875
0.85
0.8709677419354839
0.9047619047619048
0.8043478260869565
0.8108108108108109
0.8
0.8
0.8333333333333334
0.8
0.9090909090909091
0.8888888888888888
1.0
1.0
0.9090909090909091
1.0
1.0
0.9310344827586207
0.8571428571428571
1.0
0.8148148148148148
0.85
1.0
1.0
0.9375
0.875
1.0
0.8235294117647058
0.9333333333333333
1.0
0.9523809523809523
0.75
0.8571428571428571
0.9583333333333334
1.0
1.0
0.9130434782608695
0.8125
0.8947368421052632
1.0
0.9333333333333333
0.8484848484848485
1.0
0.875
0.9230769230769231
1.0
0.8378378378378378
1.0
0.8823529411764706
1.0
1.0
0.8421052631578947
0.9444444444444444
0.8620689655172413
1.0
0.7962962962962963
1.0
0.875
1.0
0.967741935483871
0.9545454545454546
1.0
0.9444444444444444
0.9166666666666666
1.0
1.0
0.9090909090909091
0.8214285714285714
0.9333333333333333
0.9166666666666666
1.0
1.0
0.7777777777777778
1.0
0.9393939393939394
0.9047619047619048
0.9545454545454546
1.0
0.8666666666666667
0.9024390243902439
0.8529411764705882
0.85
1.0
0.8421052631578947
0.9166666666666666
0.8421052631578947
0.9166666666666666
0.9354838709677419
1.0
0.6521739130434783
1.0
1.0
0.8367346938775511
0.9523809523809523
0.9166666666666666
1.0
0.9411764705882353
0.8333333333333334
0.8666666666666667
0.8484848484848485
0.9444444444444444
1.0
0.875
1.0
0.9285714285714286
0.8421052631578947
0.875
0.8727272727272727
1.0
1.0
0.92
0.9090909090909091
0.9545454545454546
0.8823529411764706
1.0
0.9655172413793104
0.7878787878787878
0.9473684210526315
1.0
1.0
1.0
0.8571428571428571
0.8823529411764706
1.0
1.0
0.8648648648648649
1.0
0.9545454545454546
0.868421052631579
0.9090909090909091
1.0
0.8604651162790697
0.8611111111111112
0.95
0.84
1.0
0.8333333333333334
0.7586206896551724
0.8571428571428571
0.9047619047619048
1.0
0.8666666666666667
1.0
0.8518518518518519
0.8524590163934426
0.8
0.9
0.8157894736842105
0.7692307692307693
1.0
0.8518518518518519
1.0
1.0
1.0
1.0
1.0
0.9545454545454546
0.9090909090909091
0.9333333333333333
1.0
0.875
1.0
0.9545454545454546
0.8378378378378378
0.9130434782608695
1.0
0.7878787878787878
0.9545454545454546
1.0
0.9523809523809523
0.8484848484848485
1.0
1.0
1.0
1.0
0.9230769230769231
1.0
0.96
1.0
0.9375
0.9117647058823529
1.0
0.8787878787878788
0.8928571428571429
1.0
1.0
0.9230769230769231
0.8387096774193549
0.8536585365853658
0.9230769230769231
1.0
1.0
0.7714285714285715
0.9523809523809523
0.9259259259259259
0.9090909090909091
0.875
1.0
1.0
0.9545454545454546
0.84
1.0
1.0
1.0
0.9285714285714286
1.0
0.9090909090909091
0.8928571428571429
0.9473684210526315
0.926829268292683
0.813953488372093
0.9090909090909091
0.9117647058823529
0.9411764705882353
0.9259259259259259
0.8709677419354839
0.8695652173913043
0.9583333333333334
0.9230769230769231
1.0
0.7837837837837838
1.0
0.8636363636363636
1.0
0.8214285714285714
0.7777777777777778
0.8421052631578947
0.9523809523809523
1.0
0.9285714285714286
1.0
0.8823529411764706
0.8928571428571429
0.8636363636363636
0.8
0.8787878787878788
0.9
0.8529411764705882
1.0
0.88
0.7045454545454546
1.0
1.0
0.8461538461538461
0.9
0.8421052631578947
1.0
0.9166666666666666
0.8611111111111112
0.7959183673469388
1.0
0.8571428571428571
0.7692307692307693
0.9375
0.9090909090909091
0.9047619047619048
1.0
1.0
0.9069767441860465
0.8518518518518519
0.8260869565217391
0.9130434782608695
0.8787878787878788
0.9285714285714286
0.9032258064516129
0.8333333333333334
0.8787878787878788
0.868421052631579
1.0
1.0
0.8518518518518519
0.8787878787878788
1.0
1.0
1.0
1.0
0.7441860465116279
0.8333333333333334
1.0
0.8484848484848485
0.9230769230769231
1.0
0.9047619047619048
0.84375
0.8
1.0
0.9285714285714286
0.8275862068965517
0.8095238095238095
0.9473684210526315
0.7555555555555555
0.8235294117647058
0.8333333333333334
0.9230769230769231
0.9259259259259259
0.9
0.9
0.84
1.0
1.0
1.0
0.9545454545454546
0.896551724137931
0.9583333333333334
0.8260869565217391
0.95
0.85
0.7142857142857143
0.75
1.0
0.875
0.896551724137931
0.9444444444444444
1.0
0.9090909090909091
0.8461538461538461
0.9090909090909091
0.92
1.0
1.0
0.7916666666666666
0.8928571428571429
0.96
0.85
0.8666666666666667
0.82
0.8
0.8378378378378378
0.9444444444444444
0.8571428571428571
0.9545454545454546
0.9473684210526315
0.8947368421052632
1.0
0.825
0.8421052631578947
0.8888888888888888
1.0
0.88
0.9090909090909091
0.8936170212765957
0.7692307692307693
0.9142857142857143
0.8717948717948718
0.8846153846153846
0.7804878048780488
0.7962962962962963
0.8846153846153846
1.0
1.0
0.84375
0.8064516129032258
0.7758620689655172
0.8529411764705882
0.8518518518518519
1.0
0.9310344827586207
0.9259259259259259
0.8333333333333334
0.8333333333333334
0.8823529411764706
0.9545454545454546
1.0
1.0
0.9583333333333334
1.0
0.8571428571428571
0.9333333333333333
1.0
1.0
1.0
1.0
1.0
0.85
0.9444444444444444
1.0
1.0
1.0
0.8947368421052632
1.0
1.0
1.0
1.0
1.0
0.84
1.0
0.9523809523809523
0.8
0.9714285714285714
0.8113207547169812
1.0
0.9583333333333334
0.8928571428571429
0.9545454545454546
1.0
0.9655172413793104
0.875
1.0
0.7105263157894737
0.8181818181818182
0.75
0.6190476190476191
0.7777777777777778
0.7586206896551724
0.9545454545454546
1.0
1.0
0.8333333333333334
0.7777777777777778
1.0
1.0
0.95
0.9
1.0
1.0
0.8214285714285714
0.8888888888888888
0.9565217391304348
0.8709677419354839
0.96875
0.8166666666666667
0.7547169811320755
1.0
0.7857142857142857
0.9310344827586207
0.9285714285714286
1.0
0.9354838709677419
0.8648648648648649
0.9333333333333333
0.7962962962962963
1.0
0.9565217391304348
0.7540983606557377
0.7647058823529411
1.0
0.875
0.9354838709677419
0.875
0.8709677419354839
0.8275862068965517
0.95
0.8085106382978723
0.7941176470588235
0.9565217391304348
0.8611111111111112
0.9210526315789473
0.8717948717948718
0.9090909090909091
1.0
0.8787878787878788
0.9285714285714286
0.896551724137931
1.0
0.8484848484848485
0.9411764705882353
0.9166666666666666
1.0
0.875
1.0
0.8461538461538461
0.9629629629629629
0.8709677419354839
0.8103448275862069
0.9655172413793104
0.9473684210526315
0.8571428571428571
0.9032258064516129
0.85
0.9473684210526315
0.95
1.0
0.95
1.0
0.8888888888888888
0.7435897435897436
0.9565217391304348
0.9473684210526315
0.9411764705882353
0.8333333333333334
0.9583333333333334
0.9166666666666666
0.84
0.9722222222222222
0.9166666666666666
0.9375
1.0
0.8181818181818182
0.9130434782608695
0.9473684210526315
0.9444444444444444
0.9090909090909091
0.9523809523809523
0.8888888888888888
0.9
1.0
1.0
1.0
0.9230769230769231
0.9
0.8529411764705882
0.8333333333333334
0.8611111111111112
0.9
1.0
0.868421052631579
0.9696969696969697
0.88
0.8666666666666667
0.9615384615384616
0.9444444444444444
0.9333333333333333
0.96
0.9444444444444444
0.6923076923076923
0.9166666666666666
0.8928571428571429
0.9024390243902439
1.0
1.0
0.84375
0.9523809523809523
0.8214285714285714
1.0
0.8095238095238095
1.0
0.8648648648648649
0.8787878787878788
0.9310344827586207
0.9696969696969697
0.9230769230769231
1.0
1.0
1.0
1.0
0.9090909090909091
0.96
1.0
0.8636363636363636
1.0
1.0
0.9090909090909091
1.0
1.0
0.9565217391304348
0.8163265306122449
1.0
0.8636363636363636
1.0
0.9111111111111111
0.8928571428571429
0.74
0.7959183673469388
0.8857142857142857
0.875
0.9
0.8333333333333334
1.0
0.9473684210526315
0.9310344827586207
1.0
0.8461538461538461
0.9523809523809523
0.7647058823529411
0.9411764705882353
0.8717948717948718
0.7894736842105263
0.9473684210526315
1.0
1.0
0.9655172413793104
0.9375
0.7714285714285715
0.75
1.0
1.0
0.9629629629629629
0.8333333333333334
1.0
0.7021276595744681
0.8260869565217391
1.0
1.0
1.0
0.8421052631578947
0.9545454545454546
1.0
0.7959183673469388
0.875
0.8378378378378378
0.8717948717948718
0.9473684210526315
1.0
0.8085106382978723
0.875
0.8571428571428571
0.9090909090909091
0.9714285714285714
0.82
0.9333333333333333
0.8484848484848485
0.8703703703703703
0.7966101694915254
0.96
1.0
0.7777777777777778
0.8333333333333334
1.0
0.9655172413793104
0.8148148148148148
0.8653846153846154
0.7894736842105263
0.875
1.0
0.8837209302325582
0.9583333333333334
0.9393939393939394
1.0
0.896551724137931
0.8666666666666667
0.7567567567567568
1.0
0.9230769230769231
0.9642857142857143
0.8108108108108109
0.9545454545454546
0.8888888888888888
0.92
0.8787878787878788
0.8157894736842105
1.0
0.7916666666666666
0.9166666666666666
1.0
1.0
0.7435897435897436
1.0
0.8478260869565217
0.8809523809523809
0.9
0.8571428571428571
0.8166666666666667
1.0
1.0
0.8888888888888888
1.0
0.8571428571428571
0.90625
1.0
0.8837209302325582
0.9444444444444444
0.967741935483871
1.0
1.0
0.8484848484848485
1.0
0.9285714285714286
1.0
0.8928571428571429
0.868421052631579
0.8125
0.9375
0.96
1.0
0.8409090909090909
0.8846153846153846
0.9459459459459459
0.9090909090909091
1.0
0.8461538461538461
0.9166666666666666
0.875
0.8333333333333334
0.9166666666666666
0.8666666666666667
1.0
0.9333333333333333
0.8235294117647058
1.0
0.896551724137931
0.813953488372093
0.9032258064516129
0.76
0.875
0.9090909090909091
1.0
0.8536585365853658
0.8717948717948718
0.92
0.8181818181818182
0.918918918918919
0.9090909090909091
0.9333333333333333
1.0
1.0
1.0
1.0
0.9047619047619048
0.85
1.0
0.9024390243902439
0.9259259259259259
1.0
0.84375
0.9090909090909091
0.7804878048780488
1.0
1.0
0.78125
0.8666666666666667
0.8387096774193549
1.0
0.8846153846153846
1.0
0.9333333333333333
1.0
1.0
0.9583333333333334
0.7804878048780488
0.85
0.8857142857142857
0.96
0.8
1.0
0.9230769230769231
0.9285714285714286
0.9473684210526315
1.0
0.8043478260869565
0.9
0.9615384615384616
0.8275862068965517
0.95
0.8823529411764706
1.0
1.0
1.0
1.0
0.95
1.0
0.8181818181818182
0.9565217391304348
0.9333333333333333
1.0
0.8461538461538461
0.9285714285714286
0.96
0.7894736842105263
0.9142857142857143
0.95
0.7222222222222222
0.8387096774193549
0.9696969696969697
1.0
0.7619047619047619
0.9411764705882353
0.9393939393939394
1.0
0.9166666666666666
0.9
0.9473684210526315
0.8333333333333334
1.0
1.0
1.0
0.7878787878787878
0.9130434782608695
0.8
0.9523809523809523
0.6585365853658537
1.0
0.75
0.9166666666666666
0.8392857142857143
0.8301886792452831
0.967741935483871
1.0
0.9285714285714286
0.9
0.8918918918918919
0.9285714285714286
0.8780487804878049
0.8703703703703703
0.8695652173913043
0.8421052631578947
0.9615384615384616
0.8275862068965517
0.896551724137931
0.875
0.7727272727272727
0.896551724137931
1.0
0.9393939393939394
0.8695652173913043
1.0
0.9090909090909091
1.0
0.84
0.9
0.896551724137931
0.8095238095238095
0.896551724137931
1.0
0.9130434782608695
0.8846153846153846
0.8260869565217391
0.9411764705882353
0.813953488372093
0.9090909090909091
0.9166666666666666
0.8333333333333334
1.0
0.8888888888888888
0.8
0.9565217391304348
0.7777777777777778
1.0
0.95
0.7941176470588235
0.9230769230769231
1.0
1.0
1.0
0.8918918918918919
0.8275862068965517
0.7391304347826086
0.7611940298507462
0.9523809523809523
0.703125
0.9310344827586207
0.7916666666666666
0.9310344827586207
1.0
0.7746478873239436
0.8275862068965517
0.7254901960784313
0.92
0.9545454545454546
0.9166666666666666
0.8292682926829268
0.9375
0.8333333333333334
0.9
0.7380952380952381
0.9333333333333333
0.7333333333333333
0.8333333333333334
0.9523809523809523
0.7441860465116279
0.8611111111111112
0.782608695652174
0.8484848484848485
0.9565217391304348
0.7543859649122807
0.8947368421052632
0.9310344827586207
0.8936170212765957
0.9
0.8928571428571429
0.7894736842105263
0.8055555555555556
0.8823529411764706
1.0
0.9090909090909091
1.0
0.9130434782608695
0.8846153846153846
0.8571428571428571
1.0
0.8148148148148148
1.0
0.9333333333333333
1.0
0.8260869565217391
1.0
0.8035714285714286
0.7301587301587301
0.8043478260869565
1.0
0.9032258064516129
0.90625
0.8709677419354839
0.8387096774193549
1.0
0.8947368421052632
0.8918918918918919
0.9354838709677419
0.8571428571428571
0.8823529411764706
0.92
0.7954545454545454
0.8888888888888888
0.9375
1.0
0.9285714285714286
1.0
1.0
0.8571428571428571
0.9047619047619048
0.8888888888888888
0.8125
1.0
0.875
1.0
1.0
1.0
0.7333333333333333
0.72
0.7777777777777778
0.8205128205128205
0.8536585365853658
0.9354838709677419
0.7894736842105263
0.8285714285714286
0.8918918918918919
0.8727272727272727
0.8333333333333334
1.0
0.8974358974358975
0.9642857142857143
0.9642857142857143
0.9032258064516129
0.7450980392156863
0.8125
0.8846153846153846
1.0
0.8421052631578947
0.9411764705882353
0.875
0.7014925373134329
0.896551724137931
0.7428571428571429
0.8666666666666667
0.8928571428571429
0.9615384615384616
0.9
0.9047619047619048
0.8461538461538461
0.8461538461538461
0.9523809523809523
0.9545454545454546
0.9285714285714286
0.875
0.88
0.85
0.8148148148148148
0.9230769230769231
0.9090909090909091
0.9285714285714286
0.775
0.84
0.8888888888888888
0.8888888888888888
0.8333333333333334
0.9565217391304348
1.0
0.8260869565217391
0.9444444444444444
1.0
0.9310344827586207
0.9090909090909091
1.0
0.95
0.8387096774193549
0.875
0.8387096774193549
0.92
0.696969696969697
0.96
0.7954545454545454
1.0
0.7857142857142857
0.9629629629629629
0.8571428571428571
0.95
0.9444444444444444
0.8222222222222222
0.7
0.9166666666666666
0.6666666666666666
0.875
1.0
0.8571428571428571
0.8235294117647058
0.8181818181818182
1.0
0.84375
1.0
0.9230769230769231
0.9629629629629629
0.8148148148148148
0.8387096774193549
1.0
0.9473684210526315
0.7560975609756098
0.7837837837837838
0.7857142857142857
0.9117647058823529
0.8275862068965517
0.8709677419354839
0.9
0.8245614035087719
0.8709677419354839
0.875
1.0
1.0
0.9629629629629629
0.8181818181818182
0.8461538461538461
0.6097560975609756
1.0
0.8947368421052632
0.9333333333333333
1.0
1.0
0.868421052631579
0.9615384615384616
0.75
0.8947368421052632
0.8936170212765957
0.8846153846153846
0.9411764705882353
0.7837837837837838
1.0
0.9565217391304348
1.0
0.8571428571428571
1.0
1.0
1.0
0.92
0.7027027027027027
0.7692307692307693
1.0
1.0
0.9032258064516129
0.8913043478260869
0.7058823529411765
1.0
1.0
0.9
1.0
0.72
0.7619047619047619
0.9615384615384616
1.0
1.0
0.7837837837837838
0.7916666666666666
0.95
0.9
0.825
0.8536585365853658
0.7666666666666667
0.9411764705882353
0.8235294117647058
0.7906976744186046
0.8709677419354839
1.0
0.9130434782608695
0.7692307692307693
0.9565217391304348
0.875
0.7567567567567568
1.0
0.8648648648648649
0.8918918918918919
1.0
0.8611111111111112
0.8709677419354839
0.9259259259259259
0.9310344827586207
0.8571428571428571
0.7666666666666667
0.8
0.8333333333333334
0.8620689655172413
0.8666666666666667
1.0
0.8928571428571429
1.0
0.9285714285714286
0.9130434782608695
1.0
0.9545454545454546
0.9473684210526315
0.8571428571428571
0.8529411764705882
0.8333333333333334
0.8888888888888888
0.9130434782608695
1.0
0.9090909090909091
0.9473684210526315
0.8787878787878788
0.9411764705882353
0.9285714285714286
0.9333333333333333
0.9411764705882353
1.0
0.813953488372093
0.8837209302325582
0.782608695652174
0.8695652173913043
0.9666666666666667
1.0
0.8709677419354839
0.9375
0.8928571428571429
0.9565217391304348
0.84375
0.5454545454545454
0.9565217391304348
1.0
1.0
0.9444444444444444
0.9411764705882353
0.9117647058823529
0.7894736842105263
0.9090909090909091
0.8611111111111112
0.7647058823529411
0.8
0.78
0.88
0.8918918918918919
0.9230769230769231
0.8387096774193549
0.75
0.9
1.0
0.90625
0.8285714285714286
0.875
0.875
1.0
0.868421052631579
0.8333333333333334
0.8823529411764706
0.8666666666666667
0.7777777777777778
0.8484848484848485
0.8611111111111112
0.8947368421052632
0.9545454545454546
1.0
0.9210526315789473
0.8125
1.0
0.7948717948717948
1.0
0.8
0.9545454545454546
0.8363636363636363
0.9583333333333334
1.0
0.8703703703703703
1.0
0.9090909090909091
1.0
0.7631578947368421
0.9411764705882353
0.8611111111111112
0.868421052631579
0.7608695652173914
0.9583333333333334
1.0
0.9583333333333334
0.9230769230769231
0.8888888888888888
1.0
0.8666666666666667
0.8918918918918919
0.9444444444444444
1.0
0.8695652173913043
0.7692307692307693
1.0
1.0
0.9655172413793104
1.0
0.9375
0.8846153846153846
0.9259259259259259
0.8620689655172413
0.9523809523809523
0.8571428571428571
1.0
0.9666666666666667
1.0
1.0
0.95
0.8888888888888888
0.9117647058823529
0.9393939393939394
0.8787878787878788
0.9333333333333333
0.918918918918919
0.8333333333333334
0.9032258064516129
0.8292682926829268
0.9545454545454546
0.9285714285714286
0.9411764705882353
1.0
0.9473684210526315
0.8536585365853658
0.9285714285714286
0.9285714285714286
0.9090909090909091
0.7714285714285715
0.88
1.0
1.0
0.9310344827586207
1.0
0.8666666666666667
0.8648648648648649
0.9259259259259259
0.8571428571428571
0.84375
0.9666666666666667
0.8064516129032258
0.8333333333333334
0.8421052631578947
0.95
0.9545454545454546
1.0
1.0
0.9565217391304348
0.8529411764705882
0.8461538461538461
1.0
1.0
0.7931034482758621
0.8245614035087719
0.8947368421052632
1.0
0.9523809523809523
1.0
0.9090909090909091
0.8928571428571429
0.896551724137931
0.8709677419354839
0.8809523809523809
0.8148148148148148
0.8461538461538461
0.9411764705882353
0.8787878787878788
0.9166666666666666
1.0
0.8888888888888888
0.92
0.8148148148148148
1.0
0.8148148148148148
0.8214285714285714
0.9090909090909091
0.8888888888888888
0.9230769230769231
0.95
0.9210526315789473
0.8108108108108109
0.8378378378378378
0.9512195121951219
1.0
1.0
0.9473684210526315
0.9047619047619048
1.0
1.0
0.95
0.8297872340425532
0.8163265306122449
0.6285714285714286
0.9
0.90625
1.0
0.8823529411764706
0.9285714285714286
1.0
0.875
0.9090909090909091
0.8947368421052632
1.0
1.0
0.9
0.8888888888888888
1.0
0.90625
0.9230769230769231
1.0
0.8636363636363636
0.8571428571428571
0.9032258064516129
0.8297872340425532
1.0
0.9583333333333334
1.0
0.8444444444444444
0.8055555555555556
0.8857142857142857
0.8648648648648649
1.0
0.9
1.0
0.8636363636363636
0.9523809523809523
0.9166666666666666
0.875
0.8387096774193549
0.8918918918918919
0.9230769230769231
0.8918918918918919
0.8333333333333334
0.9333333333333333
0.9210526315789473
0.8387096774193549
0.9
0.9375
0.7142857142857143
0.9
0.9230769230769231
0.8888888888888888
0.9117647058823529
0.96
0.7906976744186046
0.8974358974358975
0.8
1.0
0.9354838709677419
0.9230769230769231
1.0
0.84
0.8125
0.7735849056603774
0.8571428571428571
1.0
1.0
1.0
0.8
1.0
0.8157894736842105
1.0
0.7974683544303798
1.0
0.7671232876712328
0.9375
0.8421052631578947
0.9333333333333333
0.8611111111111112
0.8181818181818182
0.8333333333333334
1.0
0.9090909090909091
0.8709677419354839
0.8125
0.9285714285714286
0.8421052631578947
0.88
0.9583333333333334
1.0
1.0
0.9523809523809523
0.8484848484848485
0.8333333333333334
0.9411764705882353
0.9
0.7966101694915254
0.9629629629629629
0.8
0.9333333333333333
0.7551020408163265
0.8695652173913043
1.0
0.9354838709677419
0.96
0.9230769230769231
0.8888888888888888
0.84
0.9615384615384616
0.9375
0.9047619047619048
1.0
0.8571428571428571
0.9354838709677419
1.0
0.95
0.9523809523809523
1.0
0.85
0.92
0.92
1.0
0.875
1.0
0.8297872340425532
0.9714285714285714
0.9130434782608695
1.0
0.9523809523809523
0.7619047619047619
1.0
0.7291666666666666
0.9375
0.875
1.0
1.0
0.9285714285714286
0.8695652173913043
1.0
0.8108108108108109
1.0
0.8571428571428571
0.8611111111111112
0.9130434782608695
0.8888888888888888
0.9333333333333333
0.8611111111111112
1.0
0.8571428571428571
0.9642857142857143
1.0
1.0
0.75
1.0
1.0
1.0
1.0
1.0
0.8064516129032258
0.85
1.0
1.0
1.0
0.9090909090909091
0.8571428571428571
1.0
1.0
0.7941176470588235
1.0
1.0
0.9333333333333333
0.8888888888888888
0.8636363636363636
1.0
1.0
1.0
1.0
0.9166666666666666
0.8163265306122449
1.0
1.0
0.896551724137931
0.8260869565217391
1.0
0.9166666666666666
0.8529411764705882
1.0
0.9583333333333334
0.8571428571428571
1.0
0.85
0.7857142857142857
0.8214285714285714
0.95
0.8571428571428571
0.9666666666666667
0.9166666666666666
1.0
1.0
0.8888888888888888
1.0
0.9032258064516129
1.0
0.9354838709677419
1.0
1.0
0.9375
0.95
1.0
0.9375
1.0
1.0
0.8043478260869565
0.8947368421052632
0.7659574468085106
1.0
0.7916666666666666
0.7428571428571429
0.7547169811320755
1.0
1.0
0.9130434782608695
0.8627450980392157
0.9333333333333333
0.875
0.8571428571428571
0.8076923076923077
0.8888888888888888
1.0
0.8
0.8604651162790697
0.9285714285714286
1.0
0.9523809523809523
0.8648648648648649
0.9
0.875
0.8846153846153846
0.7948717948717948
0.9375
0.9545454545454546
0.7647058823529411
0.9583333333333334
1.0
0.9166666666666666
0.8378378378378378
0.92
0.8
1.0
0.88
0.7741935483870968
0.9166666666666666
0.7575757575757576
0.8611111111111112
0.8888888888888888
1.0
1.0
0.84
0.7391304347826086
1.0
1.0
0.8666666666666667
0.8888888888888888
0.9523809523809523
0.8421052631578947
1.0
0.8571428571428571
0.9230769230769231
0.8529411764705882
1.0
0.8787878787878788
0.9523809523809523
0.9565217391304348
0.9
0.8928571428571429
1.0
0.7692307692307693
1.0
0.8205128205128205
1.0
0.8484848484848485
0.8888888888888888
0.9285714285714286
0.8235294117647058
0.9047619047619048
0.90625
0.8709677419354839
0.9259259259259259
0.8421052631578947
1.0
0.9347826086956522
0.7708333333333334
0.62
0.8571428571428571
1.0
1.0
1.0
0.8421052631578947
1.0
1.0
1.0
0.85
0.825
0.8148148148148148
0.72
0.9117647058823529
0.9047619047619048
0.8611111111111112
1.0
0.7631578947368421
1.0
1.0
0.8
0.9473684210526315
0.9444444444444444
1.0
0.9666666666666667
0.95
0.96875
0.9090909090909091
0.9
1.0
0.8372093023255814
0.9615384615384616
0.9285714285714286
0.9375
0.9655172413793104
0.9333333333333333
0.9722222222222222
0.7777777777777778
0.9333333333333333
1.0
0.88
0.9130434782608695
1.0
0.8666666666666667
0.8235294117647058
0.8235294117647058
0.9047619047619048
0.8
0.9523809523809523
1.0
1.0
0.8918918918918919
1.0
0.8095238095238095
1.0
1.0
1.0
0.8409090909090909
0.8846153846153846
0.8333333333333334
1.0
0.8333333333333334
1.0
0.8695652173913043
1.0
0.95
1.0
1.0
0.9166666666666666
0.9545454545454546
0.9
0.8571428571428571
0.9722222222222222
1.0
0.8620689655172413
1.0
0.7380952380952381
0.8611111111111112
0.8125
1.0
0.6410256410256411
0.9090909090909091
1.0
0.8636363636363636
0.9166666666666666
1.0
0.8947368421052632
1.0
1.0
0.9230769230769231
1.0
0.85
1.0
0.9090909090909091
0.8974358974358975
0.9411764705882353
0.8611111111111112
0.9473684210526315
0.9375
0.85
0.875
0.925
0.7941176470588235
0.75
1.0
1.0
1.0
0.92
1.0
1.0
0.8484848484848485
1.0
1.0
0.9
0.9444444444444444
0.7659574468085106
0.8888888888888888
0.8
0.8666666666666667
0.8421052631578947
0.825
1.0
0.9047619047619048
1.0
0.96
0.8
0.8620689655172413
1.0
0.9285714285714286
1.0
1.0
0.7916666666666666
0.9285714285714286
0.9333333333333333
0.875
1.0
0.84375
0.875
1.0
1.0
1.0
1.0
1.0
0.7916666666666666
0.9615384615384616
0.9629629629629629
0.8695652173913043
0.88
1.0
1.0
0.8181818181818182
0.9130434782608695
0.9545454545454546
0.7368421052631579
0.9166666666666666
0.8275862068965517
0.7894736842105263
1.0
0.9615384615384616
0.8888888888888888
1.0
1.0
0.8571428571428571
1.0
0.7741935483870968
1.0
1.0
0.75
0.8222222222222222
1.0
1.0
0.85
1.0
0.9230769230769231
0.7428571428571429
0.8695652173913043
1.0
1.0
1.0
0.9375
0.9411764705882353
0.8518518518518519
0.9310344827586207
0.8918918918918919
0.9545454545454546
0.7959183673469388
0.8571428571428571
0.9310344827586207
0.8888888888888888
0.8666666666666667
0.9523809523809523
0.875
0.825
0.8064516129032258
0.7741935483870968
0.8181818181818182
0.6538461538461539
1.0
0.9375
1.0
0.8181818181818182
1.0
0.8148148148148148
0.8888888888888888
0.8461538461538461
0.5949367088607594
1.0
1.0
1.0
1.0
0.7758620689655172
0.8461538461538461
1.0
0.9473684210526315
0.9473684210526315
0.88
0.9473684210526315
0.9130434782608695
0.9090909090909091
0.7222222222222222
1.0
0.9
0.8666666666666667
0.71875
0.8695652173913043
1.0
1.0
0.5714285714285714
1.0
0.868421052631579
0.84375
0.8
1.0
0.8928571428571429
0.7666666666666667
0.9090909090909091
0.7647058823529411
0.9166666666666666
0.96875
0.9545454545454546
0.9047619047619048
0.9411764705882353
0.825
1.0
0.9473684210526315
1.0
0.9090909090909091
1.0
0.9333333333333333
0.9545454545454546
0.8214285714285714
0.9117647058823529
0.9285714285714286
0.9583333333333334
0.9333333333333333
1.0
0.9285714285714286
1.0
0.9230769230769231
0.75
0.8666666666666667
0.896551724137931
0.7857142857142857
0.95
1.0
0.8823529411764706
1.0
1.0
1.0
1.0
1.0
1.0
0.92
1.0
1.0
1.0
1.0
0.9230769230769231
0.9259259259259259
1.0
0.9615384615384616
1.0
0.38961038961038963
0.8666666666666667
0.9090909090909091
