9
21
19
14
21
15
20
30
19
35
18
29
30
37
28
23
13
21
27
34
22
35
15
30
7
10
12
15
46
29
60
26
11
17
47
28
26
29
50
13
38
56
11
10
29
18
51
32
6
17
27
21
9
35
15
26
22
8
20
55
25
35
27
31
49
37
40
37
19
37
36
30
35
18
36
12
41
12
12
14
39
65
22
26
15
16
12
18
19
55
10
19
21
17
21
21
10
38
8
10
7
35
9
44
15
11
11
9
7
8
38
16
51
11
17
27
31
27
31
21
17
26
16
7
38
27
15
26
33
10
29
24
17
20
15
52
24
22
29
10
14
21
25
17
8
27
42
19
16
20
31
21
46
37
25
30
24
35
11
18
16
9
11
16
13
29
14
28
27
40
13
18
32
40
18
34
15
7
21
48
28
24
19
18
23
32
19
9
15
33
12
16
26
24
37
6
17
13
12
19
18
29
10
54
15
24
20
31
22
15
18
24
15
19
11
28
15
24
10
16
27
15
33
21
22
9
45
41
34
20
20
19
24
19
24
31
8
23
8
9
49
21
12
12
17
30
30
33
18
14
24
13
14
38
24
55
14
22
25
22
22
17
13
29
33
19
6
21
14
28
17
7
14
37
8
22
38
11
9
43
36
20
25
17
36
29
35
21
12
30
11
27
61
35
10
38
39
11
27
17
18
14
8
10
22
22
30
13
32
6
22
37
23
7
33
22
19
21
33
6
9
8
15
39
6
25
8
16
34
6
33
28
17
14
13
31
41
26
9
13
35
21
27
22
16
9
17
22
25
10
25
7
28
17
22
28
19
41
43
22
34
17
27
31
23
24
26
15
37
15
22
14
28
45
38
21
8
28
24
17
28
22
15
33
20
34
10
25
44
21
12
13
10
19
27
12
36
49
9
42
52
16
11
21
9
14
43
27
23
23
33
14
31
18
33
38
18
8
27
33
15
12
7
5
43
18
5
33
26
6
21
32
40
12
28
29
21
19
45
17
18
13
27
30
30
25
17
9
10
22
29
24
23
20
40
14
28
11
16
29
18
9
33
26
33
25
15
5
48
28
25
40
30
50
45
37
18
21
22
19
19
18
40
38
18
22
25
11
47
39
35
39
26
41
54
26
10
15
32
31
58
34
27
12
29
27
36
18
34
22
12
16
24
15
28
15
14
14
10
18
11
40
18
11
4
14
19
8
12
13
15
18
25
6
21
50
35
53
8
24
28
22
6
29
16
10
38
22
24
42
18
29
22
8
6
6
27
8
10
20
30
17
16
28
27
23
31
32
60
53
8
28
29
14
18
31
37
15
54
14
23
61
68
7
8
31
16
31
29
20
47
34
23
36
38
39
33
9
33
28
29
11
33
17
12
7
24
7
39
27
31
58
29
19
28
31
40
19
20
15
20
10
27
39
23
19
17
18
24
12
25
36
36
16
14
33
23
19
18
33
21
27
30
15
16
20
13
20
34
48
36
50
11
38
33
25
30
26
18
30
25
18
52
24
28
41
16
18
32
21
56
16
21
10
37
33
29
33
13
16
6
10
10
22
25
13
22
13
21
22
8
16
23
49
15
22
16
45
28
50
49
35
32
20
42
21
19
29
12
39
21
51
17
39
38
19
12
9
29
16
35
64
7
9
27
30
15
47
46
8
33
33
38
22
21
49
32
37
39
19
21
47
40
28
11
35
50
15
33
54
59
25
14
45
24
14
29
54
52
57
32
18
43
24
33
18
29
30
37
9
39
28
37
22
27
25
33
38
9
48
24
16
15
39
22
46
42
20
28
60
11
28
54
19
21
32
17
43
18
31
26
23
33
31
28
13
28
38
32
32
25
6
44
26
37
11
19
26
12
16
12
12
15
12
15
17
14
29
43
31
25
32
22
5
41
39
25
22
37
22
15
21
8
10
4
21
40
5
41
27
17
32
22
41
4
10
32
30
31
7
26
10
15
9
10
24
41
40
35
25
25
20
13
28
19
11
46
30
26
29
20
17
11
16
13
13
20
14
33
23
15
20
26
14
25
19
35
20
18
31
33
13
42
17
33
12
24
10
19
18
6
11
8
33
23
10
21
41
11
56
24
56
53
31
14
28
40
37
14
41
54
23
57
26
29
29
32
66
29
4
33
23
26
33
19
25
30
29
42
29
13
23
26
23
34
43
22
48
48
10
9
20
23
9
8
20
34
13
6
7
18
37
58
46
67
21
64
29
48
29
20
71
58
51
25
22
24
41
16
42
30
42
15
45
30
21
43
36
46
33
23
57
19
29
47
20
28
19
36
17
25
22
17
23
26
28
7
27
23
15
11
23
12
56
63
46
9
31
32
31
31
6
38
37
31
35
34
25
44
27
16
8
28
8
6
28
21
36
32
10
32
13
13
8
15
50
54
39
41
31
38
35
37
55
30
16
39
28
28
31
51
48
26
14
38
34
32
67
29
35
30
28
26
30
21
26
26
21
22
14
8
25
20
27
26
11
28
40
25
36
9
48
23
15
23
18
8
29
22
23
20
31
40
31
25
33
25
44
18
28
27
35
20
18
45
10
24
27
32
5
28
17
11
13
32
7
13
27
27
31
17
19
41
37
28
34
29
31
30
57
31
24
12
7
27
44
26
41
16
38
30
17
11
38
26
52
38
47
26
17
37
9
23
13
21
12
17
21
25
37
26
10
11
31
46
68
17
6
10
14
25
42
26
6
12
37
24
20
40
40
41
30
17
34
43
31
5
46
39
23
24
37
24
37
37
20
36
31
27
29
21
30
25
30
29
15
9
28
22
28
23
13
22
19
35
34
18
18
23
6
22
19
33
17
28
15
17
16
43
43
23
23
30
12
31
16
28
23
32
11
23
9
4
18
17
34
38
22
36
34
20
50
25
37
13
31
44
10
20
32
35
32
24
22
38
36
34
30
45
33
36
38
22
13
38
32
20
39
5
25
22
55
24
11
54
16
22
6
38
17
36
38
46
24
5
24
13
36
22
30
37
18
15
23
39
15
6
29
15
16
26
27
29
21
21
14
30
12
15
20
36
34
33
33
15
37
36
31
41
22
14
34
10
19
41
28
14
22
35
25
10
17
29
15
30
37
27
21
32
30
31
30
19
20
22
6
11
23
34
26
14
18
29
57
19
23
21
13
22
28
29
31
42
27
39
17
33
12
12
18
25
27
13
27
28
44
36
13
20
38
37
37
41
16
5
19
21
9
9
20
47
49
35
20
32
13
34
14
12
24
11
19
9
11
10
18
10
32
13
24
22
42
31
47
14
24
13
45
36
35
37
15
30
11
44
21
12
40
31
37
13
37
36
15
38
31
30
16
42
20
13
36
34
25
43
39
40
7
31
13
9
25
48
53
35
13
12
5
20
7
38
14
79
15
73
16
38
30
36
22
30
8
33
31
32
28
38
25
24
10
13
21
33
48
34
30
59
27
35
30
49
23
2
31
25
39
27
25
26
16
21
9
28
31
11
40
21
15
20
25
25
14
40
8
47
35
23
18
21
21
11
48
32
16
17
7
28
23
13
37
7
28
36
23
36
15
36
9
28
28
9
14
24
6
7
10
8
18
31
20
7
13
5
33
35
12
14
34
17
23
15
18
22
19
15
13
14
12
49
16
12
29
23
7
36
34
17
24
14
8
20
42
28
20
28
30
24
14
16
18
10
31
13
31
6
20
16
20
17
16
19
8
46
38
47
11
48
35
53
8
19
23
51
15
24
21
26
18
13
25
43
14
14
21
37
30
40
26
39
16
22
17
24
21
12
37
25
40
9
25
31
24
33
36
36
17
18
25
46
7
15
15
27
21
38
15
21
13
34
8
33
21
23
20
28
15
26
18
39
14
33
36
28
51
21
32
31
27
19
5
46
48
50
21
7
4
7
19
4
6
7
20
40
27
25
34
21
36
13
38
8
10
20
19
18
19
30
20
32
33
30
23
43
26
14
32
29
15
36
27
15
7
25
23
14
15
34
34
21
10
21
5
7
37
15
42
8
19
19
44
26
24
19
30
16
23
13
20
13
13
12
22
20
49
36
9
29
18
42
36
32
18
39
22
17
22
12
10
19
10
21
26
14
20
6
11
39
17
36
19
16
40
16
40
34
40
14
5
14
25
4
4
33
9
15
30
18
47
18
60
30
19
40
10
21
11
25
30
29
5
14
7
6
24
14
15
24
7
32
8
14
20
9
10
11
24
26
27
23
25
8
12
22
23
22
38
12
29
19
12
26
27
5
9
35
12
62
15
9
52
45
11
18
40
6
26
35
23
7
15
19
32
17
27
29
37
22
49
21
29
18
45
21
24
40
31
31
33
52
12
32
18
33
6
27
18
13
79
5
7
9
17
58
13
10
19
19
50
19
23
11
36
6
20
15
64
23
10
15
7
13
38
32
40
25
28
30
33
68
12
32
22
21
17
40
21
19
18
22
6
30
22
28
34
28
24
30
22
14
6
13
12
30
29
28
20
23
34
25
11
4
5
6
8
25
15
6
5
12
26
27
19
26
9
77
15
11
