0.2222222222222222
0.23809523809523808
0.42105263157894735
0.5
0.19047619047619047
0.4666666666666667
0.45
0.4
0.42105263157894735
0.42857142857142855
0.3333333333333333
0.4482758620689655
0.5
0.3783783783783784
0.5
0.34782608695652173
0.38461538461538464
0.23809523809523808
0.4074074074074074
0.38235294117647056
0.36363636363636365
0.3142857142857143
0.26666666666666666
0.36666666666666664
0.2857142857142857
0.4
0.4166666666666667
0.3333333333333333
0.41304347826086957
0.4482758620689655
0.35
0.3076923076923077
0.5454545454545454
0.4117647058823529
0.2978723404255319
0.42857142857142855
0.23076923076923078
0.3448275862068966
0.28
0.15384615384615385
0.2894736842105263
0.3392857142857143
0.45454545454545453
0.3
0.3793103448275862
0.2777777777777778
0.3333333333333333
0.3125
0.0
0.35294117647058826
0.25925925925925924
0.2857142857142857
0.4444444444444444
0.2571428571428571
0.5333333333333333
0.19230769230769232
0.2727272727272727
0.5
0.4
0.45454545454545453
0.48
0.2571428571428571
0.37037037037037035
0.45161290322580644
0.2857142857142857
0.43243243243243246
0.325
0.43243243243243246
0.42105263157894735
0.40540540540540543
0.2777777777777778
0.3
0.2571428571428571
0.5555555555555556
0.4166666666666667
0.16666666666666666
0.21951219512195122
0.25
0.3333333333333333
0.21428571428571427
0.28205128205128205
0.3230769230769231
0.3181818181818182
0.19230769230769232
0.3333333333333333
0.3125
0.5
0.3333333333333333
0.2631578947368421
0.4
0.4
0.21052631578947367
0.19047619047619047
0.35294117647058826
0.19047619047619047
0.38095238095238093
0.2
0.3157894736842105
0.75
0.4
0.14285714285714285
0.3142857142857143
0.4444444444444444
0.3181818181818182
0.4666666666666667
0.5454545454545454
0.2727272727272727
0.2222222222222222
0.42857142857142855
0.375
0.42105263157894735
0.3125
0.37254901960784315
0.45454545454545453
0.35294117647058826
0.4074074074074074
0.3548387096774194
0.3333333333333333
0.41935483870967744
0.47619047619047616
0.23529411764705882
0.2692307692307692
0.3125
0.7142857142857143
0.34210526315789475
0.4444444444444444
0.4666666666666667
0.5
0.5151515151515151
0.4
0.1724137931034483
0.25
0.4117647058823529
0.5
0.4
0.4230769230769231
0.375
0.2727272727272727
0.2413793103448276
0.4
0.42857142857142855
0.2857142857142857
0.16
0.058823529411764705
0.25
0.25925925925925924
0.40476190476190477
0.42105263157894735
0.4375
0.3
0.25806451612903225
0.42857142857142855
0.2608695652173913
0.32432432432432434
0.32
0.4666666666666667
0.375
0.34285714285714286
0.2727272727272727
0.3888888888888889
0.5
0.4444444444444444
0.45454545454545453
0.4375
0.38461538461538464
0.27586206896551724
0.35714285714285715
0.5
0.2222222222222222
0.2
0.46153846153846156
0.4444444444444444
0.375
0.35
0.5
0.4411764705882353
0.4
0.42857142857142855
0.42857142857142855
0.2916666666666667
0.17857142857142858
0.2916666666666667
0.5263157894736842
0.3333333333333333
0.34782608695652173
0.21875
0.3157894736842105
0.5555555555555556
0.3333333333333333
0.3333333333333333
0.5
0.5
0.38461538461538464
0.4583333333333333
0.2972972972972973
0.3333333333333333
0.29411764705882354
0.38461538461538464
0.4166666666666667
0.3684210526315789
0.3333333333333333
0.27586206896551724
0.3
0.37037037037037035
0.26666666666666666
0.5
0.5
0.41935483870967744
0.3181818181818182
0.6
0.4444444444444444
0.625
0.6
0.47368421052631576
0.36363636363636365
0.32142857142857145
0.3333333333333333
0.3333333333333333
0.6
0.375
0.14814814814814814
0.5333333333333333
0.45454545454545453
0.3333333333333333
0.5
0.5555555555555556
0.37777777777777777
0.4146341463414634
0.29411764705882354
0.35
0.25
0.21052631578947367
0.2916666666666667
0.2631578947368421
0.20833333333333334
0.3870967741935484
0.375
0.34782608695652173
0.5
0.2222222222222222
0.30612244897959184
0.42857142857142855
0.3333333333333333
0.3333333333333333
0.35294117647058826
0.36666666666666664
0.4
0.3939393939393939
0.2777777777777778
0.35714285714285715
0.375
0.38461538461538464
0.2857142857142857
0.3157894736842105
0.16666666666666666
0.36363636363636365
0.2857142857142857
0.4090909090909091
0.24
0.36363636363636365
0.2727272727272727
0.35294117647058826
0.23076923076923078
0.3103448275862069
0.24242424242424243
0.2631578947368421
0.3333333333333333
0.2857142857142857
0.42857142857142855
0.17857142857142858
0.23529411764705882
0.42857142857142855
0.42857142857142855
0.32432432432432434
0.5
0.45454545454545453
0.2894736842105263
0.09090909090909091
0.5555555555555556
0.3953488372093023
0.5
0.45
0.32
0.5882352941176471
0.3888888888888889
0.3793103448275862
0.4857142857142857
0.38095238095238093
0.5833333333333334
0.3333333333333333
0.6363636363636364
0.3333333333333333
0.4262295081967213
0.34285714285714286
0.3
0.3157894736842105
0.358974358974359
0.45454545454545453
0.2962962962962963
0.23529411764705882
0.3333333333333333
0.35714285714285715
0.5
0.4
0.3181818181818182
0.2727272727272727
0.26666666666666666
0.07692307692307693
0.40625
0.6666666666666666
0.4090909090909091
0.35135135135135137
0.391304347826087
0.5714285714285714
0.3333333333333333
0.45454545454545453
0.3684210526315789
0.3333333333333333
0.30303030303030304
0.5
0.0
0.375
0.4
0.4358974358974359
0.5
0.36
0.25
0.4375
0.4411764705882353
0.5
0.24242424242424243
0.32142857142857145
0.29411764705882354
0.42857142857142855
0.38461538461538464
0.41935483870967744
0.36585365853658536
0.46153846153846156
0.5555555555555556
0.3076923076923077
0.2857142857142857
0.42857142857142855
0.37037037037037035
0.3181818181818182
0.4375
0.5555555555555556
0.35294117647058826
0.22727272727272727
0.36
0.5
0.4
0.42857142857142855
0.35714285714285715
0.4117647058823529
0.3181818181818182
0.39285714285714285
0.3157894736842105
0.4146341463414634
0.13953488372093023
0.36363636363636365
0.38235294117647056
0.11764705882352941
0.2962962962962963
0.3870967741935484
0.2608695652173913
0.5
0.34615384615384615
0.26666666666666666
0.32432432432432434
0.4
0.3181818181818182
0.42857142857142855
0.25
0.35555555555555557
0.18421052631578946
0.47619047619047616
0.375
0.2857142857142857
0.2916666666666667
0.35294117647058826
0.32142857142857145
0.2727272727272727
0.26666666666666666
0.24242424242424243
0.25
0.29411764705882354
0.4
0.36
0.3181818181818182
0.42857142857142855
0.3333333333333333
0.3076923076923077
0.5
0.2631578947368421
0.4074074074074074
0.5833333333333334
0.4444444444444444
0.32653061224489793
0.3333333333333333
0.40476190476190477
0.36538461538461536
0.375
0.36363636363636365
0.5714285714285714
0.4444444444444444
0.35714285714285715
0.32558139534883723
0.37037037037037035
0.43478260869565216
0.4782608695652174
0.3333333333333333
0.35714285714285715
0.41935483870967744
0.2777777777777778
0.30303030303030304
0.42105263157894735
0.3888888888888889
0.5
0.37037037037037035
0.5151515151515151
0.4666666666666667
0.25
0.14285714285714285
0.4
0.32558139534883723
0.2777777777777778
0.4
0.48484848484848486
0.5
0.3333333333333333
0.3333333333333333
0.3125
0.35
0.3333333333333333
0.35714285714285715
0.41379310344827586
0.14285714285714285
0.3157894736842105
0.28888888888888886
0.5294117647058824
0.2777777777777778
0.3076923076923077
0.37037037037037035
0.43333333333333335
0.3333333333333333
0.36
0.35294117647058826
0.2222222222222222
0.2
0.2727272727272727
0.3103448275862069
0.3333333333333333
0.391304347826087
0.45
0.375
0.21428571428571427
0.39285714285714285
0.45454545454545453
0.3125
0.20689655172413793
0.3888888888888889
0.4444444444444444
0.45454545454545453
0.2692307692307692
0.42424242424242425
0.48
0.5333333333333333
0.4
0.25
0.4642857142857143
0.36
0.325
0.36666666666666664
0.14
0.26666666666666666
0.2702702702702703
0.4444444444444444
0.23809523809523808
0.4090909090909091
0.42105263157894735
0.3684210526315789
0.4444444444444444
0.375
0.21052631578947367
0.2222222222222222
0.45454545454545453
0.44
0.36363636363636365
0.2765957446808511
0.3333333333333333
0.45714285714285713
0.38461538461538464
0.23076923076923078
0.2682926829268293
0.25925925925925924
0.2692307692307692
0.4
0.4666666666666667
0.46875
0.22580645161290322
0.2413793103448276
0.29411764705882354
0.14814814814814814
0.25
0.27586206896551724
0.37037037037037035
0.25
0.2222222222222222
0.38235294117647056
0.4090909090909091
0.25
0.5
0.4583333333333333
0.3333333333333333
0.14285714285714285
0.4
0.5
0.35714285714285715
0.5
0.2777777777777778
0.5454545454545454
0.4
0.2222222222222222
0.2727272727272727
0.25
0.35714285714285715
0.2631578947368421
0.375
0.4166666666666667
0.38461538461538464
0.4
0.3888888888888889
0.12
0.5
0.42857142857142855
0.32
0.42857142857142855
0.32075471698113206
0.375
0.4166666666666667
0.2857142857142857
0.22727272727272727
0.3333333333333333
0.3793103448275862
0.1875
0.4
0.34210526315789475
0.5
0.375
0.2619047619047619
0.2777777777777778
0.3448275862068966
0.36363636363636365
0.25
0.3333333333333333
0.0
0.2962962962962963
0.5
0.3
0.4
0.26666666666666666
0.47058823529411764
0.25
0.35714285714285715
0.25925925925925924
0.391304347826087
0.3870967741935484
0.34375
0.35
0.3584905660377358
0.25
0.32142857142857145
0.5172413793103449
0.42857142857142855
0.4444444444444444
0.3548387096774194
0.35135135135135137
0.26666666666666666
0.3148148148148148
0.42857142857142855
0.30434782608695654
0.32786885245901637
0.27941176470588236
0.14285714285714285
0.25
0.4838709677419355
0.375
0.3870967741935484
0.3793103448275862
0.2
0.3191489361702128
0.35294117647058826
0.4782608695652174
0.3333333333333333
0.4473684210526316
0.3333333333333333
0.30303030303030304
0.4444444444444444
0.36363636363636365
0.25
0.3793103448275862
0.2727272727272727
0.2727272727272727
0.29411764705882354
0.3333333333333333
0.7142857142857143
0.2916666666666667
0.2857142857142857
0.3333333333333333
0.37037037037037035
0.3870967741935484
0.39655172413793105
0.3448275862068966
0.2631578947368421
0.2857142857142857
0.3548387096774194
0.375
0.3684210526315789
0.4
0.4666666666666667
0.4
0.4
0.2962962962962963
0.38461538461538464
0.4782608695652174
0.3157894736842105
0.29411764705882354
0.3333333333333333
0.4166666666666667
0.16666666666666666
0.32
0.4166666666666667
0.3333333333333333
0.5625
0.2857142857142857
0.48484848484848486
0.34782608695652173
0.42105263157894735
0.4444444444444444
0.3333333333333333
0.5714285714285714
0.3333333333333333
0.4666666666666667
0.4666666666666667
0.6875
0.5
0.3076923076923077
0.45
0.29411764705882354
0.4375
0.25
0.36
0.45454545454545453
0.5263157894736842
0.30303030303030304
0.48
0.4666666666666667
0.2692307692307692
0.2777777777777778
0.4
0.48
0.5
0.3269230769230769
0.5
0.4642857142857143
0.4146341463414634
0.625
0.5
0.375
0.42857142857142855
0.3392857142857143
0.4375
0.47619047619047616
0.3
0.35135135135135137
0.45454545454545453
0.41379310344827586
0.3939393939393939
0.5384615384615384
0.5
0.6666666666666666
0.1
0.2
0.36363636363636365
0.16
0.38461538461538464
0.2727272727272727
0.46153846153846156
0.3333333333333333
0.3181818181818182
0.0
0.375
0.34782608695652173
0.3673469387755102
0.5333333333333333
0.18181818181818182
0.3125
0.3333333333333333
0.39285714285714285
0.38
0.3673469387755102
0.22857142857142856
0.28125
0.3
0.21428571428571427
0.38095238095238093
0.3157894736842105
0.4827586206896552
0.4166666666666667
0.3333333333333333
0.2857142857142857
0.3137254901960784
0.4117647058823529
0.358974358974359
0.2894736842105263
0.47368421052631576
0.25
0.3333333333333333
0.27586206896551724
0.3125
0.22857142857142856
0.328125
0.5714285714285714
0.6666666666666666
0.25925925925925924
0.3333333333333333
0.3333333333333333
0.3404255319148936
0.391304347826087
0.25
0.30303030303030304
0.30303030303030304
0.3684210526315789
0.36363636363636365
0.2857142857142857
0.3469387755102041
0.3125
0.35135135135135137
0.23076923076923078
0.3157894736842105
0.2857142857142857
0.2765957446808511
0.425
0.2857142857142857
0.45454545454545453
0.4
0.38
0.3333333333333333
0.3333333333333333
0.3888888888888889
0.3220338983050847
0.36
0.5
0.35555555555555557
0.25
0.35714285714285715
0.3103448275862069
0.35185185185185186
0.3269230769230769
0.3508771929824561
0.34375
0.2777777777777778
0.3488372093023256
0.3333333333333333
0.3939393939393939
0.5
0.27586206896551724
0.36666666666666664
0.2972972972972973
0.4444444444444444
0.358974358974359
0.42857142857142855
0.21621621621621623
0.36363636363636365
0.3333333333333333
0.32
0.48484848484848486
0.39473684210526316
0.6666666666666666
0.4375
0.4583333333333333
0.5
0.3333333333333333
0.41025641025641024
0.5
0.45652173913043476
0.42857142857142855
0.45
0.42857142857142855
0.38333333333333336
0.18181818181818182
0.32142857142857145
0.3148148148148148
0.5263157894736842
0.42857142857142855
0.34375
0.23529411764705882
0.3953488372093023
0.3888888888888889
0.41935483870967744
0.38461538461538464
0.391304347826087
0.36363636363636365
0.41935483870967744
0.32142857142857145
0.46153846153846156
0.32142857142857145
0.34210526315789475
0.46875
0.375
0.4
0.5
0.18181818181818182
0.46153846153846156
0.35135135135135137
0.18181818181818182
0.2631578947368421
0.34615384615384615
0.3333333333333333
0.25
0.4166666666666667
0.5
0.4666666666666667
0.5833333333333334
0.4666666666666667
0.35294117647058826
0.5714285714285714
0.41379310344827586
0.37209302325581395
0.25806451612903225
0.32
0.375
0.22727272727272727
0.0
0.1951219512195122
0.3076923076923077
0.36
0.3181818181818182
0.2972972972972973
0.2727272727272727
0.3333333333333333
0.3333333333333333
0.25
0.4
0.25
0.23809523809523808
0.325
0.2
0.4146341463414634
0.37037037037037035
0.29411764705882354
0.28125
0.2727272727272727
0.3170731707317073
0.25
0.4
0.34375
0.26666666666666666
0.3548387096774194
0.2857142857142857
0.2692307692307692
0.4
0.26666666666666666
0.3333333333333333
0.3
0.375
0.34146341463414637
0.275
0.2857142857142857
0.4
0.28
0.5
0.3076923076923077
0.35714285714285715
0.3684210526315789
0.6363636363636364
0.32608695652173914
0.23333333333333334
0.3076923076923077
0.27586206896551724
0.15
0.23529411764705882
0.45454545454545453
0.5
0.46153846153846156
0.5384615384615384
0.45
0.42857142857142855
0.3939393939393939
0.30434782608695654
0.3333333333333333
0.35
0.46153846153846156
0.5
0.4
0.5263157894736842
0.34285714285714286
0.35
0.3333333333333333
0.22580645161290322
0.3939393939393939
0.46153846153846156
0.3333333333333333
0.47058823529411764
0.3939393939393939
0.5
0.2916666666666667
0.3
0.2631578947368421
0.2222222222222222
0.16666666666666666
0.36363636363636365
0.25
0.30303030303030304
0.43478260869565216
0.1
0.47619047619047616
0.34146341463414637
0.0
0.25
0.375
0.39285714285714285
0.32075471698113206
0.45161290322580644
0.35714285714285715
0.35714285714285715
0.425
0.2972972972972973
0.42857142857142855
0.3902439024390244
0.35185185185185186
0.34782608695652173
0.3333333333333333
0.34615384615384615
0.3103448275862069
0.41379310344827586
0.34375
0.3181818181818182
0.4827586206896552
0.75
0.3333333333333333
0.34782608695652173
0.38461538461538464
0.42424242424242425
0.5263157894736842
0.44
0.4
0.3103448275862069
0.30952380952380953
0.27586206896551724
0.38461538461538464
0.30434782608695654
0.38461538461538464
0.34782608695652173
0.47058823529411764
0.4418604651162791
0.22727272727272727
0.4166666666666667
0.25
0.3
0.2222222222222222
0.35
0.30434782608695654
0.3333333333333333
0.5
0.25
0.2647058823529412
0.15384615384615385
0.3333333333333333
0.2857142857142857
0.3333333333333333
0.3783783783783784
0.3275862068965517
0.30434782608695654
0.3582089552238806
0.38095238095238093
0.4375
0.3448275862068966
0.3958333333333333
0.41379310344827586
0.55
0.323943661971831
0.3103448275862069
0.43137254901960786
0.36
0.4090909090909091
0.2916666666666667
0.12195121951219512
0.375
0.2857142857142857
0.43333333333333335
0.2857142857142857
0.4
0.26666666666666666
0.26666666666666666
0.2857142857142857
0.27906976744186046
0.3333333333333333
0.34782608695652173
0.36363636363636365
0.5652173913043478
0.2982456140350877
0.3684210526315789
0.20689655172413793
0.2765957446808511
0.25
0.25
0.2631578947368421
0.2777777777777778
0.23529411764705882
0.4
0.2727272727272727
0.23529411764705882
0.2608695652173913
0.2692307692307692
0.21428571428571427
0.5714285714285714
0.48148148148148145
0.43478260869565216
0.26666666666666666
0.09090909090909091
0.21739130434782608
0.4166666666666667
0.30357142857142855
0.3968253968253968
0.30434782608695654
0.5555555555555556
0.3548387096774194
0.34375
0.22580645161290322
0.2903225806451613
0.16666666666666666
0.3157894736842105
0.3783783783783784
0.3225806451612903
0.4
0.5
0.44
0.36363636363636365
0.4444444444444444
0.4375
0.625
0.35714285714285715
0.5
0.5
0.39285714285714285
0.38095238095238093
0.4166666666666667
0.40625
0.3
0.3125
0.38461538461538464
0.23076923076923078
0.25
0.26666666666666666
0.42
0.2962962962962963
0.41025641025641024
0.36585365853658536
0.3870967741935484
0.39473684210526316
0.2857142857142857
0.40540540540540543
0.43636363636363634
0.3333333333333333
0.5
0.38461538461538464
0.39285714285714285
0.32142857142857145
0.22580645161290322
0.2549019607843137
0.2708333333333333
0.38461538461538464
0.35714285714285715
0.3157894736842105
0.4411764705882353
0.25
0.34328358208955223
0.3793103448275862
0.45714285714285713
0.4
0.32142857142857145
0.4230769230769231
0.3333333333333333
0.2857142857142857
0.19230769230769232
0.2692307692307692
0.47619047619047616
0.2727272727272727
0.2857142857142857
0.25
0.44
0.45
0.14814814814814814
0.4230769230769231
0.45454545454545453
0.35714285714285715
0.35
0.48
0.3333333333333333
0.2222222222222222
0.3333333333333333
0.13043478260869565
0.3333333333333333
0.17391304347826086
0.3333333333333333
0.25
0.3103448275862069
0.22727272727272727
0.5217391304347826
0.2
0.3548387096774194
0.275
0.41935483870967744
0.32
0.24242424242424243
0.28
0.36363636363636365
0.3333333333333333
0.42857142857142855
0.2962962962962963
0.2571428571428571
0.3
0.4444444444444444
0.28888888888888886
0.0
0.3333333333333333
0.25925925925925924
0.21875
0.4
0.32142857142857145
0.29411764705882354
0.09090909090909091
0.38461538461538464
0.3125
0.2857142857142857
0.23076923076923078
0.3333333333333333
0.2222222222222222
0.2903225806451613
0.47058823529411764
0.42105263157894735
0.2926829268292683
0.2972972972972973
0.21428571428571427
0.3235294117647059
0.3448275862068966
0.3225806451612903
0.3333333333333333
0.38596491228070173
0.22580645161290322
0.2916666666666667
0.5
0.2857142857142857
0.37037037037037035
0.25
0.23076923076923078
0.3170731707317073
0.3125
0.39473684210526316
0.36666666666666664
0.058823529411764705
0.2727272727272727
0.23684210526315788
0.34615384615384615
0.28846153846153844
0.47368421052631576
0.2553191489361702
0.46153846153846156
0.23529411764705882
0.35135135135135137
0.3333333333333333
0.30434782608695654
0.3076923076923077
0.3333333333333333
0.25
0.17647058823529413
0.47619047619047616
0.4
0.2972972972972973
0.38461538461538464
0.5
0.45454545454545453
0.45161290322580644
0.41304347826086957
0.3088235294117647
0.29411764705882354
0.5
0.5
0.2857142857142857
0.32
0.38095238095238093
0.34615384615384615
0.3333333333333333
0.5
0.3783783783783784
0.2916666666666667
0.45
0.25
0.25
0.34146341463414637
0.3333333333333333
0.47058823529411764
0.4117647058823529
0.2558139534883721
0.3548387096774194
0.8
0.41304347826086957
0.3333333333333333
0.43478260869565216
0.3333333333333333
0.35135135135135137
0.5
0.43243243243243246
0.3783783783783784
0.35
0.4444444444444444
0.45161290322580644
0.48148148148148145
0.3103448275862069
0.42857142857142855
0.23333333333333334
0.4
0.36666666666666664
0.41379310344827586
0.4
0.4444444444444444
0.42857142857142855
0.5
0.25
0.4782608695652174
0.5384615384615384
0.45454545454545453
0.47368421052631576
0.2571428571428571
0.47058823529411764
0.3333333333333333
0.3888888888888889
0.5217391304347826
0.5
0.45454545454545453
0.47368421052631576
0.45454545454545453
0.5294117647058824
0.35714285714285715
0.26666666666666666
0.4117647058823529
0.5
0.3488372093023256
0.46511627906976744
0.34782608695652173
0.30434782608695654
0.4
0.5833333333333334
0.3225806451612903
0.375
0.2857142857142857
0.30434782608695654
0.25
0.18181818181818182
0.34782608695652173
0.2222222222222222
0.25
0.2777777777777778
0.4117647058823529
0.29411764705882354
0.42105263157894735
0.18181818181818182
0.3055555555555556
0.3235294117647059
0.3
0.38
0.4
0.2702702702702703
0.3076923076923077
0.2903225806451613
0.22727272727272727
0.3
0.45
0.28125
0.2571428571428571
0.34375
0.25
0.4090909090909091
0.34210526315789475
0.2777777777777778
0.29411764705882354
0.3
0.28888888888888886
0.42424242424242425
0.4722222222222222
0.39473684210526316
0.4090909090909091
0.38461538461538464
0.2894736842105263
0.34375
0.45
0.358974358974359
0.4
0.2
0.18181818181818182
0.3090909090909091
0.3333333333333333
0.09090909090909091
0.3148148148148148
0.3125
0.22727272727272727
0.5
0.2894736842105263
0.35294117647058826
0.3611111111111111
0.3684210526315789
0.2391304347826087
0.4583333333333333
0.6
0.5416666666666666
0.38461538461538464
0.3055555555555556
0.22727272727272727
0.43333333333333335
0.32432432432432434
0.3333333333333333
0.3333333333333333
0.4782608695652174
0.46153846153846156
0.3333333333333333
0.5
0.20689655172413793
0.3333333333333333
0.375
0.4230769230769231
0.14814814814814814
0.3793103448275862
0.19047619047619047
0.38095238095238093
0.5
0.4666666666666667
0.5833333333333334
0.26666666666666666
0.4
0.3888888888888889
0.47058823529411764
0.42424242424242425
0.3939393939393939
0.3333333333333333
0.4594594594594595
0.3611111111111111
0.4838709677419355
0.43902439024390244
0.5
0.5714285714285714
0.4117647058823529
0.4
0.42105263157894735
0.36585365853658536
0.4642857142857143
0.2857142857142857
0.36363636363636365
0.2857142857142857
0.28
0.3
0.11764705882352941
0.2413793103448276
0.4
0.1
0.3783783783783784
0.2222222222222222
0.2857142857142857
0.375
0.3333333333333333
0.3870967741935484
0.23333333333333334
0.2631578947368421
0.3
0.5
0.5
0.36363636363636365
0.391304347826087
0.35294117647058826
0.19230769230769232
0.5
0.5
0.3793103448275862
0.3508771929824561
0.3157894736842105
0.5217391304347826
0.47619047619047616
0.46153846153846156
0.2727272727272727
0.32142857142857145
0.41379310344827586
0.41935483870967744
0.38095238095238093
0.4444444444444444
0.3333333333333333
0.29411764705882354
0.30303030303030304
0.3333333333333333
0.5833333333333334
0.3888888888888889
0.48
0.2962962962962963
0.46153846153846156
0.4444444444444444
0.39285714285714285
0.3181818181818182
0.3333333333333333
0.15384615384615385
0.3
0.42105263157894735
0.3783783783783784
0.35135135135135137
0.3170731707317073
0.3125
0.2
0.3684210526315789
0.47619047619047616
0.3333333333333333
0.4444444444444444
0.55
0.44680851063829785
0.30612244897959184
0.42857142857142855
0.45
0.375
0.46153846153846156
0.29411764705882354
0.2857142857142857
0.3333333333333333
0.4166666666666667
0.45454545454545453
0.42105263157894735
0.2222222222222222
0.2727272727272727
0.5
0.2222222222222222
0.3
0.34375
0.3076923076923077
0.375
0.4090909090909091
0.35714285714285715
0.22580645161290322
0.425531914893617
0.35714285714285715
0.16666666666666666
0.5384615384615384
0.4444444444444444
0.4166666666666667
0.4
0.43243243243243246
0.5333333333333333
0.4666666666666667
0.45454545454545453
0.3409090909090909
0.3333333333333333
0.3333333333333333
0.425
0.41935483870967744
0.3783783783783784
0.5384615384615384
0.43243243243243246
0.4444444444444444
0.3333333333333333
0.34210526315789475
0.3870967741935484
0.36666666666666664
0.375
0.38095238095238093
0.45
0.38461538461538464
0.25
0.4117647058823529
0.52
0.32558139534883723
0.38461538461538464
0.425
0.42857142857142855
0.45161290322580644
0.38461538461538464
0.4444444444444444
0.28
0.3125
0.22641509433962265
0.17142857142857143
0.23076923076923078
0.25
0.2
0.25
0.42857142857142855
0.3157894736842105
0.35714285714285715
0.2911392405063291
0.4
0.2328767123287671
0.25
0.21052631578947367
0.26666666666666666
0.3333333333333333
0.2727272727272727
0.23333333333333334
0.5
0.3333333333333333
0.3548387096774194
0.34375
0.32142857142857145
0.2894736842105263
0.32
0.3333333333333333
0.6
0.46153846153846156
0.3333333333333333
0.24242424242424243
0.3333333333333333
0.38235294117647056
0.4666666666666667
0.423728813559322
0.4444444444444444
0.4
0.3333333333333333
0.32653061224489793
0.43478260869565216
0.0
0.41935483870967744
0.36
0.41025641025641024
0.2222222222222222
0.32
0.34615384615384615
0.4375
0.42857142857142855
0.4444444444444444
0.2857142857142857
0.41935483870967744
0.36363636363636365
0.325
0.23809523809523808
0.4
0.2
0.32
0.36
0.2857142857142857
0.075
0.25
0.2553191489361702
0.42857142857142855
0.2608695652173913
0.3333333333333333
0.42857142857142855
0.42857142857142855
0.36363636363636365
0.3541666666666667
0.40625
0.4375
0.4117647058823529
0.5714285714285714
0.42857142857142855
0.43478260869565216
0.46153846153846156
0.2972972972972973
0.5714285714285714
0.35714285714285715
0.3333333333333333
0.34782608695652173
0.4166666666666667
0.4666666666666667
0.3611111111111111
0.4444444444444444
0.35714285714285715
0.39285714285714285
0.4444444444444444
0.35714285714285715
0.20833333333333334
0.16666666666666666
0.2857142857142857
0.3
0.375
0.3888888888888889
0.22580645161290322
0.4
0.42857142857142855
0.38461538461538464
0.0
0.36363636363636365
0.34285714285714286
0.3333333333333333
0.2857142857142857
0.3235294117647059
0.35294117647058826
0.34782608695652173
0.4
0.3888888888888889
0.4090909090909091
0.3684210526315789
0.4666666666666667
0.38461538461538464
0.35714285714285715
0.5
0.30612244897959184
0.4375
0.25
0.3793103448275862
0.30434782608695654
0.42857142857142855
0.3333333333333333
0.35294117647058826
0.35294117647058826
0.4166666666666667
0.6428571428571429
0.625
0.3
0.2857142857142857
0.39285714285714285
0.3
0.35714285714285715
0.3
0.3333333333333333
0.21428571428571427
0.25
0.3333333333333333
0.2
0.3548387096774194
0.3076923076923077
0.3225806451612903
0.3333333333333333
0.35
0.5
0.4
0.35294117647058826
0.4375
0.42105263157894735
0.75
0.2826086956521739
0.3157894736842105
0.3829787234042553
0.45454545454545453
0.3958333333333333
0.4
0.1509433962264151
0.375
0.2631578947368421
0.34782608695652173
0.23529411764705882
0.26666666666666666
0.3333333333333333
0.2857142857142857
0.2692307692307692
0.3888888888888889
0.3076923076923077
0.36
0.3953488372093023
0.42857142857142855
0.35714285714285715
0.2857142857142857
0.32432432432432434
0.2
0.425
0.3076923076923077
0.3076923076923077
0.25
0.3181818181818182
0.23529411764705882
0.2916666666666667
0.2857142857142857
0.4166666666666667
0.3783783783783784
0.32
0.4
0.4444444444444444
0.36
0.2903225806451613
0.3333333333333333
0.24242424242424243
0.4166666666666667
0.3333333333333333
0.4117647058823529
0.3888888888888889
0.28
0.2826086956521739
0.2857142857142857
0.4666666666666667
0.4
0.2962962962962963
0.23809523809523808
0.18421052631578946
0.3333333333333333
0.19047619047619047
0.3076923076923077
0.29411764705882354
0.375
0.21212121212121213
0.09523809523809523
0.43478260869565216
0.25
0.35714285714285715
0.3333333333333333
0.2692307692307692
0.2222222222222222
0.358974358974359
0.35714285714285715
0.24242424242424243
0.3888888888888889
0.39285714285714285
0.43137254901960786
0.38095238095238093
0.40625
0.3870967741935484
0.4444444444444444
0.3684210526315789
0.6
0.21739130434782608
0.3333333333333333
0.34
0.3333333333333333
0.14285714285714285
0.25
0.14285714285714285
0.15789473684210525
0.25
0.16666666666666666
0.42857142857142855
0.3
0.325
0.2962962962962963
0.32
0.29411764705882354
0.3333333333333333
0.3888888888888889
0.38461538461538464
0.3684210526315789
0.0
0.3
0.1
0.3684210526315789
0.2777777777777778
0.21052631578947367
0.26666666666666666
0.4
0.3125
0.30303030303030304
0.4666666666666667
0.2608695652173913
0.3953488372093023
0.3076923076923077
0.42857142857142855
0.34375
0.3448275862068966
0.4666666666666667
0.3333333333333333
0.37037037037037035
0.3333333333333333
0.42857142857142855
0.24
0.34782608695652173
0.35714285714285715
0.3333333333333333
0.38235294117647056
0.2647058823529412
0.2857142857142857
0.7
0.3333333333333333
0.6
0.42857142857142855
0.21621621621621623
0.3333333333333333
0.30952380952380953
0.25
0.3684210526315789
0.3684210526315789
0.38636363636363635
0.2692307692307692
0.4166666666666667
0.47368421052631576
0.4
0.25
0.30434782608695654
0.5384615384615384
0.35
0.46153846153846156
0.38461538461538464
0.3333333333333333
0.4090909090909091
0.4
0.40816326530612246
0.4166666666666667
0.4444444444444444
0.3448275862068966
0.3888888888888889
0.2857142857142857
0.3333333333333333
0.28125
0.2777777777777778
0.20512820512820512
0.4090909090909091
0.4117647058823529
0.3181818181818182
0.25
0.4
0.42105263157894735
0.5
0.42857142857142855
0.4230769230769231
0.5714285714285714
0.25
0.5
0.45454545454545453
0.358974358974359
0.35294117647058826
0.3333333333333333
0.15789473684210525
0.375
0.35
0.4375
0.35
0.29411764705882354
0.275
0.21428571428571427
0.2
0.35714285714285715
0.28
0.25
0.5
0.3939393939393939
0.1111111111111111
0.4666666666666667
0.4666666666666667
0.4444444444444444
0.2978723404255319
0.4444444444444444
0.35
0.4
0.3157894736842105
0.225
0.5
0.3333333333333333
0.36363636363636365
0.36
0.23333333333333334
0.3103448275862069
0.2
0.2857142857142857
0.14285714285714285
0.0
0.375
0.2857142857142857
0.4
0.25
0.2857142857142857
0.375
0.25
0.35714285714285715
0.35
0.3333333333333333
0.3
0.6363636363636364
0.4166666666666667
0.38461538461538464
0.3333333333333333
0.2608695652173913
0.4
0.25
0.4166666666666667
0.3181818181818182
0.34782608695652173
0.2727272727272727
0.3157894736842105
0.25
0.3448275862068966
0.2631578947368421
0.4166666666666667
0.2692307692307692
0.2962962962962963
0.4
0.2222222222222222
0.2857142857142857
0.4166666666666667
0.3870967741935484
0.26666666666666666
0.3333333333333333
0.36538461538461536
0.26666666666666666
0.36363636363636365
0.4444444444444444
0.275
0.3333333333333333
0.38461538461538464
0.34285714285714286
0.34782608695652173
0.2857142857142857
0.5333333333333333
0.42105263157894735
0.3125
0.5882352941176471
0.4074074074074074
0.3793103448275862
0.2972972972972973
0.4090909090909091
0.2857142857142857
0.23809523809523808
0.20689655172413793
0.2222222222222222
0.26666666666666666
0.2857142857142857
0.4166666666666667
0.325
0.22580645161290322
0.2903225806451613
0.2727272727272727
0.21153846153846154
0.16666666666666666
0.3125
0.3333333333333333
0.3333333333333333
0.3333333333333333
0.2962962962962963
0.2777777777777778
0.15384615384615385
0.2911392405063291
0.2
0.5714285714285714
0.2222222222222222
0.35294117647058826
0.39655172413793105
0.3076923076923077
0.2
0.21052631578947367
0.3157894736842105
0.36
0.3684210526315789
0.34782608695652173
0.2727272727272727
0.2777777777777778
0.3333333333333333
0.3
0.26666666666666666
0.375
0.34782608695652173
0.3
0.3333333333333333
0.14285714285714285
0.15384615384615385
0.34210526315789475
0.4375
0.325
0.4
0.35714285714285715
0.26666666666666666
0.3939393939393939
0.29411764705882354
0.4166666666666667
0.40625
0.2727272727272727
0.38095238095238093
0.5294117647058824
0.4
0.38095238095238093
0.5263157894736842
0.5
0.36363636363636365
0.16666666666666666
0.2
0.36363636363636365
0.2857142857142857
0.3235294117647059
0.4642857142857143
0.25
0.23333333333333334
0.3181818181818182
0.21428571428571427
0.3333333333333333
0.3076923076923077
0.5
0.3
0.20689655172413793
0.32142857142857145
0.35
0.4782608695652174
0.38235294117647056
0.28
0.2727272727272727
0.25
0.2
0.3333333333333333
0.5
0.2
0.3333333333333333
0.3333333333333333
0.2
0.16666666666666666
0.3076923076923077
0.2962962962962963
0.42105263157894735
0.34615384615384615
0.2222222222222222
0.33766233766233766
0.2
0.36363636363636365
