9
23
17
17
20
15
20
29
21
37
18
28
39
36
28
23
9
24
25
34
23
31
14
33
9
10
15
18
46
30
60
26
12
17
42
27
26
28
50
12
38
56
11
10
31
18
42
32
5
20
28
22
9
40
12
26
22
8
21
57
24
36
27
33
47
35
43
40
16
36
34
28
35
19
33
12
36
14
13
15
39
64
25
27
15
16
10
18
19
51
10
19
21
18
21
22
10
39
8
12
7
35
12
52
17
13
11
9
6
8
38
15
51
10
18
26
31
27
33
20
18
26
15
7
39
27
19
26
33
11
28
23
18
19
15
52
22
24
28
10
14
21
24
18
6
24
47
19
16
20
32
23
47
39
26
32
22
37
11
18
21
7
11
18
13
33
17
29
23
41
13
17
32
40
15
35
17
7
20
46
23
24
19
18
21
31
22
9
16
32
15
13
22
23
38
7
17
15
13
22
18
29
10
56
15
21
19
29
22
18
21
18
15
19
11
29
15
24
10
16
29
16
30
21
20
9
48
47
33
20
21
19
25
17
25
29
10
23
8
12
48
21
13
12
17
29
30
34
18
16
25
13
14
37
20
56
13
23
26
23
23
14
11
31
38
19
6
22
14
29
16
6
18
38
8
21
35
13
10
50
34
20
34
17
33
28
36
30
15
30
11
25
58
35
10
38
37
10
27
17
18
15
8
10
23
20
28
15
32
6
22
37
24
7
34
21
20
24
34
6
9
8
15
39
6
23
8
17
35
6
34
27
19
14
13
28
34
26
10
16
35
18
27
23
18
11
15
24
25
11
25
7
30
17
23
29
19
40
47
23
34
17
30
32
26
24
27
18
36
14
23
14
28
45
43
21
8
31
22
17
28
21
16
33
20
33
10
27
46
22
12
13
15
19
27
12
37
44
9
48
56
16
11
21
12
15
43
27
23
29
39
14
31
19
37
38
18
8
28
32
15
13
7
5
45
18
5
35
28
6
22
33
43
12
26
32
21
18
42
15
18
13
30
29
30
28
12
9
10
24
29
24
23
24
41
14
26
13
14
28
18
9
33
25
31
27
16
6
46
27
26
43
32
50
45
38
19
21
24
20
20
16
42
37
19
24
27
16
50
38
37
38
28
43
54
24
10
16
24
30
53
34
31
12
27
26
33
17
32
23
12
17
24
15
28
12
14
16
10
20
11
44
19
11
7
14
19
8
12
13
14
20
27
6
21
50
35
53
9
24
26
22
5
28
16
11
32
23
23
43
17
29
23
8
6
6
26
8
10
22
31
17
17
33
28
24
32
31
58
50
8
23
29
21
19
28
35
10
54
13
22
58
72
7
10
33
13
31
26
20
46
31
23
38
35
37
35
11
30
29
33
11
32
19
12
8
24
7
42
28
31
56
33
18
27
31
39
18
20
17
23
10
27
36
23
19
17
18
24
12
22
36
34
17
14
28
21
18
18
31
24
24
28
16
16
21
14
21
35
40
39
50
7
47
36
22
25
25
17
29
26
15
55
24
28
37
15
19
31
22
51
17
21
16
40
34
34
33
14
17
6
10
9
24
26
13
22
13
25
21
9
17
23
46
15
23
17
47
31
51
44
34
32
20
44
15
20
29
12
40
18
56
15
38
38
19
12
9
29
16
36
61
7
11
26
27
16
48
46
8
37
34
39
23
20
50
37
37
38
18
18
46
39
26
11
36
48
15
33
56
57
32
17
43
24
14
27
54
56
57
34
17
44
25
33
18
29
30
39
9
39
29
38
22
26
24
36
40
9
54
24
16
15
37
41
55
38
18
28
67
11
29
57
20
21
33
18
43
18
29
26
25
36
35
30
13
27
36
35
30
25
6
44
30
39
11
20
25
14
16
12
12
16
12
15
16
13
29
45
33
26
29
23
5
40
38
26
22
41
23
15
22
9
13
4
21
40
5
38
29
18
33
22
45
4
10
32
31
33
7
27
11
15
8
10
25
39
40
33
25
24
19
13
28
19
11
45
30
25
28
20
16
11
20
13
13
19
14
33
25
15
20
26
15
22
18
34
26
19
31
35
13
39
17
33
12
20
10
16
19
6
11
8
34
21
10
20
41
11
58
23
47
53
29
14
28
40
40
14
35
54
24
57
26
31
30
33
72
30
4
36
26
30
35
23
26
30
28
40
29
14
25
25
23
36
42
22
47
42
10
9
20
23
9
8
22
34
13
6
10
18
37
60
50
67
16
65
29
49
31
19
66
62
51
26
21
29
42
16
42
31
38
16
45
32
24
46
37
44
35
25
51
19
34
45
21
25
20
36
17
24
23
17
23
28
28
7
27
31
16
10
18
12
56
63
46
9
32
34
31
29
6
43
34
31
38
34
26
50
30
17
9
31
9
6
29
21
37
32
12
32
14
13
9
15
51
53
41
43
34
37
33
39
58
30
13
42
25
29
32
51
49
25
14
40
35
30
66
30
31
29
28
26
30
21
25
29
21
22
14
8
27
19
25
27
11
35
40
26
38
9
44
23
18
22
18
8
30
22
24
20
30
42
31
25
34
25
43
19
28
27
36
19
20
47
10
25
27
33
5
26
17
11
14
35
7
13
30
27
36
18
19
41
38
29
36
29
31
31
60
30
25
13
7
25
44
26
43
15
39
30
17
9
40
28
45
37
49
26
17
36
9
24
13
21
12
16
23
25
40
26
9
13
32
43
68
18
5
11
14
25
43
28
6
17
39
26
17
42
39
40
29
17
34
45
30
6
47
42
23
24
37
24
42
31
20
36
34
27
24
21
23
22
29
30
18
8
28
26
27
22
13
19
19
34
29
17
19
24
6
19
20
33
17
28
14
16
15
43
43
23
18
30
11
31
16
28
23
34
11
23
9
4
18
17
32
39
23
38
37
21
51
23
36
14
30
45
11
25
31
35
29
23
22
34
36
35
31
52
28
31
48
22
13
40
28
22
37
6
23
22
56
26
12
51
16
22
7
41
17
38
39
43
24
6
24
14
40
22
31
36
18
15
22
38
15
8
30
15
16
26
26
31
21
21
15
30
14
16
19
36
35
33
34
15
38
36
31
42
27
15
36
10
19
41
25
14
22
34
27
10
18
30
15
32
37
24
21
33
30
33
28
20
22
23
7
14
26
32
29
14
21
28
59
18
22
18
12
20
26
29
28
44
26
41
18
32
12
11
19
24
26
12
27
29
46
35
14
20
40
37
39
41
15
5
18
24
8
11
22
47
51
35
21
32
13
31
13
12
19
14
19
10
11
9
18
10
32
13
24
23
43
30
48
15
26
13
44
36
31
34
14
32
12
45
21
15
43
32
37
16
34
31
15
39
28
27
13
40
20
13
36
35
25
41
43
39
6
30
16
11
27
51
53
35
13
12
5
20
7
37
15
78
15
74
16
36
30
36
22
26
9
33
31
29
28
39
26
23
10
14
21
37
49
34
30
57
28
34
27
49
25
1
37
24
42
30
28
28
16
21
9
25
29
11
39
21
15
20
24
24
14
40
8
49
37
23
19
19
21
11
46
33
17
17
7
27
22
13
37
7
28
32
23
36
17
45
9
28
28
14
15
21
6
7
8
7
18
31
21
7
13
5
35
36
12
14
32
16
23
18
17
24
19
16
18
14
12
49
18
12
33
24
7
36
37
16
23
14
8
21
47
27
25
27
29
24
14
16
18
12
31
13
29
8
17
16
19
16
14
22
8
46
42
47
12
50
34
51
8
21
25
51
15
23
21
26
17
12
25
46
14
15
21
39
30
42
26
33
21
18
17
22
22
11
39
30
38
9
25
32
24
32
36
35
18
18
24
45
7
15
16
25
26
38
19
25
13
32
7
34
22
29
21
28
15
25
18
35
18
28
38
29
51
25
33
31
25
17
5
46
49
52
21
7
4
7
20
4
6
6
20
42
26
20
33
21
36
13
36
8
10
27
19
17
18
32
20
31
31
31
21
44
27
15
36
27
17
37
25
15
7
25
23
14
15
38
40
23
11
22
5
9
37
15
42
8
19
18
45
26
22
21
33
15
23
15
21
11
13
12
22
20
47
36
9
30
20
37
36
36
18
40
23
15
24
13
10
20
10
24
26
14
20
6
11
38
17
33
20
17
50
16
40
35
42
14
5
14
26
4
4
31
9
12
34
18
47
18
61
29
19
40
10
20
14
28
33
25
5
14
7
6
25
14
16
22
7
35
9
14
22
9
10
11
25
27
27
23
25
8
12
22
18
22
37
12
29
19
14
25
27
5
9
37
15
61
17
9
51
44
11
18
43
8
26
35
21
7
15
25
32
18
28
29
37
22
48
21
29
18
43
20
24
39
32
31
33
49
12
33
19
35
6
26
18
13
78
5
7
7
15
58
14
10
20
19
47
20
23
11
33
6
20
15
67
24
10
15
7
13
39
30
42
30
26
30
32
69
11
33
25
23
17
40
21
17
18
22
8
32
22
29
34
28
28
27
21
13
6
13
14
28
28
31
20
22
33
25
15
4
5
6
8
24
15
6
5
13
21
29
19
25
9
77
16
12
