0.3333333333333333
0.391304347826087
0.4117647058823529
0.35294117647058826
0.25
0.4
0.45
0.3793103448275862
0.38095238095238093
0.4594594594594595
0.3333333333333333
0.4642857142857143
0.4358974358974359
0.3888888888888889
0.42857142857142855
0.2608695652173913
0.4444444444444444
0.25
0.44
0.38235294117647056
0.34782608695652173
0.2903225806451613
0.21428571428571427
0.3333333333333333
0.2222222222222222
0.3
0.4
0.3333333333333333
0.41304347826086957
0.43333333333333335
0.35
0.3076923076923077
0.5833333333333334
0.4117647058823529
0.2619047619047619
0.4074074074074074
0.23076923076923078
0.32142857142857145
0.26
0.16666666666666666
0.3157894736842105
0.2857142857142857
0.45454545454545453
0.3
0.3870967741935484
0.2777777777777778
0.35714285714285715
0.375
0.2
0.3
0.25
0.3181818181818182
0.4444444444444444
0.25
0.5833333333333334
0.23076923076923078
0.2727272727272727
0.5
0.42857142857142855
0.43859649122807015
0.5
0.2222222222222222
0.37037037037037035
0.48484848484848486
0.2765957446808511
0.45714285714285713
0.32558139534883723
0.425
0.4375
0.3888888888888889
0.3235294117647059
0.2857142857142857
0.2857142857142857
0.5263157894736842
0.45454545454545453
0.25
0.3333333333333333
0.35714285714285715
0.23076923076923078
0.3333333333333333
0.28205128205128205
0.34375
0.28
0.25925925925925924
0.3333333333333333
0.3125
0.7
0.3333333333333333
0.2631578947368421
0.43137254901960786
0.4
0.21052631578947367
0.19047619047619047
0.3888888888888889
0.19047619047619047
0.36363636363636365
0.2
0.3076923076923077
0.75
0.25
0.14285714285714285
0.37142857142857144
0.3333333333333333
0.28846153846153844
0.47058823529411764
0.46153846153846156
0.2727272727272727
0.2222222222222222
0.3333333333333333
0.375
0.4473684210526316
0.3333333333333333
0.37254901960784315
0.4
0.3888888888888889
0.4230769230769231
0.3225806451612903
0.3333333333333333
0.3939393939393939
0.5
0.16666666666666666
0.2692307692307692
0.3333333333333333
0.7142857142857143
0.3333333333333333
0.4444444444444444
0.3684210526315789
0.5
0.5151515151515151
0.36363636363636365
0.14285714285714285
0.2608695652173913
0.4444444444444444
0.47368421052631576
0.4
0.4230769230769231
0.45454545454545453
0.25
0.32142857142857145
0.4
0.35714285714285715
0.42857142857142855
0.16666666666666666
0.1111111111111111
0.3333333333333333
0.2916666666666667
0.3404255319148936
0.42105263157894735
0.5
0.3
0.28125
0.34782608695652173
0.2765957446808511
0.28205128205128205
0.2692307692307692
0.46875
0.4090909090909091
0.2972972972972973
0.2727272727272727
0.3888888888888889
0.42857142857142855
0.2857142857142857
0.45454545454545453
0.3888888888888889
0.38461538461538464
0.21212121212121213
0.5294117647058824
0.4827586206896552
0.34782608695652173
0.24390243902439024
0.46153846153846156
0.47058823529411764
0.375
0.325
0.4666666666666667
0.4
0.47058823529411764
0.42857142857142855
0.4
0.2826086956521739
0.21739130434782608
0.2916666666666667
0.5263157894736842
0.3888888888888889
0.47619047619047616
0.25806451612903225
0.3181818181818182
0.5555555555555556
0.3125
0.375
0.4
0.6153846153846154
0.4090909090909091
0.5217391304347826
0.23684210526315788
0.42857142857142855
0.23529411764705882
0.4
0.38461538461538464
0.3181818181818182
0.3888888888888889
0.3103448275862069
0.3
0.3392857142857143
0.26666666666666666
0.5714285714285714
0.5263157894736842
0.3793103448275862
0.3181818181818182
0.5
0.42857142857142855
0.6666666666666666
0.6
0.47368421052631576
0.36363636363636365
0.3448275862068966
0.2
0.375
0.6
0.375
0.13793103448275862
0.5
0.5
0.3333333333333333
0.5
0.5555555555555556
0.3541666666666667
0.3617021276595745
0.30303030303030304
0.3
0.23809523809523808
0.21052631578947367
0.28
0.29411764705882354
0.24
0.4482758620689655
0.4
0.34782608695652173
0.5
0.25
0.2916666666666667
0.3333333333333333
0.38461538461538464
0.3333333333333333
0.4117647058823529
0.3793103448275862
0.43333333333333335
0.38235294117647056
0.2777777777777778
0.3125
0.36
0.38461538461538464
0.35714285714285715
0.32432432432432434
0.15
0.35714285714285715
0.38461538461538464
0.391304347826087
0.23076923076923078
0.34782608695652173
0.30434782608695654
0.5
0.36363636363636365
0.3225806451612903
0.2631578947368421
0.3157894736842105
0.3333333333333333
0.3181818181818182
0.42857142857142855
0.20689655172413793
0.25
0.5
0.3333333333333333
0.2894736842105263
0.5
0.38095238095238093
0.4
0.15384615384615385
0.6
0.36
0.47058823529411764
0.4
0.35294117647058826
0.5882352941176471
0.42424242424242425
0.42857142857142855
0.4722222222222222
0.3333333333333333
0.5333333333333333
0.3333333333333333
0.6363636363636364
0.32
0.4482758620689655
0.34285714285714286
0.3
0.3157894736842105
0.35135135135135137
0.4
0.2962962962962963
0.23529411764705882
0.3333333333333333
0.4
0.375
0.4
0.30434782608695654
0.3
0.32142857142857145
0.13333333333333333
0.40625
0.5
0.36363636363636365
0.35135135135135137
0.375
0.5714285714285714
0.29411764705882354
0.5238095238095238
0.35
0.4166666666666667
0.29411764705882354
0.5
0.0
0.375
0.4
0.41025641025641024
0.5
0.2608695652173913
0.25
0.35294117647058826
0.42857142857142855
0.5
0.23529411764705882
0.3333333333333333
0.2631578947368421
0.42857142857142855
0.38461538461538464
0.39285714285714285
0.47058823529411764
0.46153846153846156
0.5
0.3125
0.2857142857142857
0.4444444444444444
0.4074074074074074
0.30434782608695654
0.4444444444444444
0.36363636363636365
0.4
0.20833333333333334
0.36
0.45454545454545453
0.4
0.42857142857142855
0.36666666666666664
0.4117647058823529
0.30434782608695654
0.3793103448275862
0.10526315789473684
0.475
0.14893617021276595
0.34782608695652173
0.29411764705882354
0.17647058823529413
0.3333333333333333
0.40625
0.19230769230769232
0.5
0.3333333333333333
0.2777777777777778
0.3333333333333333
0.5
0.34782608695652173
0.42857142857142855
0.25
0.3333333333333333
0.23255813953488372
0.47619047619047616
0.5
0.3870967741935484
0.2727272727272727
0.35294117647058826
0.2857142857142857
0.23809523809523808
0.25
0.24242424242424243
0.25
0.30303030303030304
0.4
0.3333333333333333
0.34782608695652173
0.4090909090909091
0.3333333333333333
0.3076923076923077
0.3333333333333333
0.3157894736842105
0.4444444444444444
0.4166666666666667
0.40540540540540543
0.36363636363636365
0.3333333333333333
0.3333333333333333
0.35714285714285715
0.375
0.36363636363636365
0.5714285714285714
0.4166666666666667
0.4
0.32558139534883723
0.4074074074074074
0.43478260869565216
0.4482758620689655
0.3076923076923077
0.35714285714285715
0.41935483870967744
0.3157894736842105
0.2972972972972973
0.3684210526315789
0.3888888888888889
0.5
0.39285714285714285
0.5
0.4666666666666667
0.23076923076923078
0.0
0.4
0.37777777777777777
0.2777777777777778
0.4
0.45714285714285713
0.5
0.3333333333333333
0.3181818181818182
0.3333333333333333
0.37209302325581395
0.3333333333333333
0.38461538461538464
0.40625
0.19047619047619047
0.3333333333333333
0.2857142857142857
0.6
0.2777777777777778
0.15384615384615385
0.3
0.41379310344827586
0.36666666666666664
0.35714285714285715
0.5
0.2222222222222222
0.2
0.25
0.3103448275862069
0.3333333333333333
0.391304347826087
0.4583333333333333
0.3170731707317073
0.21428571428571427
0.4230769230769231
0.23076923076923078
0.2857142857142857
0.17857142857142858
0.3888888888888889
0.4444444444444444
0.45454545454545453
0.28
0.45161290322580644
0.48148148148148145
0.5
0.3333333333333333
0.2608695652173913
0.48148148148148145
0.2692307692307692
0.3023255813953488
0.34375
0.18
0.28888888888888886
0.3157894736842105
0.47368421052631576
0.23809523809523808
0.4166666666666667
0.4
0.25
0.4375
0.38095238095238093
0.2972972972972973
0.2631578947368421
0.375
0.4444444444444444
0.375
0.26
0.34210526315789475
0.43243243243243246
0.42105263157894735
0.2857142857142857
0.2558139534883721
0.25925925925925924
0.2916666666666667
0.4
0.4375
0.4583333333333333
0.2
0.16981132075471697
0.29411764705882354
0.1935483870967742
0.25
0.25925925925925924
0.4230769230769231
0.24242424242424243
0.23529411764705882
0.375
0.391304347826087
0.25
0.47058823529411764
0.4583333333333333
0.3333333333333333
0.10714285714285714
0.3333333333333333
0.5
0.375
0.5
0.3
0.5454545454545454
0.4090909090909091
0.2631578947368421
0.2727272727272727
0.14285714285714285
0.35714285714285715
0.21052631578947367
0.375
0.4166666666666667
0.38461538461538464
0.35714285714285715
0.35
0.18518518518518517
0.5
0.42857142857142855
0.32
0.34285714285714286
0.3584905660377358
0.3333333333333333
0.4166666666666667
0.2692307692307692
0.22727272727272727
0.0
0.39285714285714285
0.1875
0.36363636363636365
0.34375
0.5217391304347826
0.391304347826087
0.2558139534883721
0.29411764705882354
0.3448275862068966
0.34782608695652173
0.25
0.3333333333333333
0.0
0.3076923076923077
0.5
0.3
0.36363636363636365
0.25806451612903225
0.35294117647058826
0.23529411764705882
0.36363636363636365
0.25
0.375
0.40625
0.3548387096774194
0.3620689655172414
0.34
0.25
0.391304347826087
0.4827586206896552
0.38095238095238093
0.42105263157894735
0.42857142857142855
0.34285714285714286
0.2
0.35185185185185186
0.46153846153846156
0.3181818181818182
0.3275862068965517
0.2638888888888889
0.14285714285714285
0.3
0.36363636363636365
0.5384615384615384
0.3870967741935484
0.34615384615384615
0.2
0.30434782608695654
0.25806451612903225
0.4782608695652174
0.3684210526315789
0.5142857142857142
0.32432432432432434
0.2857142857142857
0.45454545454545453
0.3333333333333333
0.27586206896551724
0.36363636363636365
0.2727272727272727
0.21875
0.3157894736842105
0.3333333333333333
0.625
0.2916666666666667
0.2857142857142857
0.38095238095238093
0.2857142857142857
0.3870967741935484
0.39285714285714285
0.3333333333333333
0.2777777777777778
0.3333333333333333
0.3548387096774194
0.41025641025641024
0.3888888888888889
0.4
0.47058823529411764
0.391304347826087
0.3
0.2962962962962963
0.4166666666666667
0.4782608695652174
0.3157894736842105
0.29411764705882354
0.2777777777777778
0.375
0.16666666666666666
0.3181818181818182
0.3611111111111111
0.3235294117647059
0.5294117647058824
0.2857142857142857
0.4642857142857143
0.38095238095238093
0.5
0.4444444444444444
0.3548387096774194
0.4583333333333333
0.4583333333333333
0.42857142857142855
0.4375
0.6875
0.47619047619047616
0.35714285714285715
0.5238095238095238
0.2857142857142857
0.475
0.2564102564102564
0.42
0.42857142857142855
0.44680851063829785
0.3055555555555556
0.45454545454545453
0.52
0.28
0.29411764705882354
0.3793103448275862
0.46153846153846156
0.5333333333333333
0.3090909090909091
0.5
0.4642857142857143
0.43243243243243246
0.6
0.47368421052631576
0.3870967741935484
0.45454545454545453
0.3333333333333333
0.4117647058823529
0.47619047619047616
0.25
0.3
0.4411764705882353
0.47058823529411764
0.36363636363636365
0.42857142857142855
0.5294117647058824
0.6666666666666666
0.1
0.1111111111111111
0.3333333333333333
0.15384615384615385
0.38461538461538464
0.2727272727272727
0.46153846153846156
0.28
0.38095238095238093
0.2222222222222222
0.35294117647058826
0.34782608695652173
0.3695652173913043
0.4666666666666667
0.17391304347826086
0.29411764705882354
0.3617021276595745
0.3870967741935484
0.3333333333333333
0.3409090909090909
0.2647058823529412
0.3125
0.3
0.22727272727272727
0.26666666666666666
0.35
0.4827586206896552
0.4166666666666667
0.325
0.3333333333333333
0.2857142857142857
0.4666666666666667
0.34210526315789475
0.3157894736842105
0.47368421052631576
0.25
0.3333333333333333
0.27586206896551724
0.3125
0.25
0.3442622950819672
0.5714285714285714
0.45454545454545453
0.2692307692307692
0.37037037037037035
0.375
0.3541666666666667
0.391304347826087
0.25
0.24324324324324326
0.29411764705882354
0.41025641025641024
0.34782608695652173
0.3
0.34
0.2972972972972973
0.2972972972972973
0.23684210526315788
0.3888888888888889
0.2222222222222222
0.2608695652173913
0.41025641025641024
0.3076923076923077
0.45454545454545453
0.3333333333333333
0.375
0.3333333333333333
0.3939393939393939
0.39285714285714285
0.2982456140350877
0.25
0.4117647058823529
0.3488372093023256
0.25
0.35714285714285715
0.2962962962962963
0.35185185185185186
0.26785714285714285
0.3333333333333333
0.29411764705882354
0.29411764705882354
0.3181818181818182
0.32
0.36363636363636365
0.4444444444444444
0.27586206896551724
0.36666666666666664
0.3333333333333333
0.4444444444444444
0.38461538461538464
0.3793103448275862
0.21052631578947367
0.36363636363636365
0.4230769230769231
0.375
0.4722222222222222
0.425
0.5555555555555556
0.3888888888888889
0.4583333333333333
0.5
0.3333333333333333
0.3783783783783784
0.4634146341463415
0.41818181818181815
0.42105263157894735
0.3888888888888889
0.42857142857142855
0.3582089552238806
0.36363636363636365
0.3103448275862069
0.3333333333333333
0.5
0.38095238095238093
0.36363636363636365
0.2777777777777778
0.37209302325581395
0.3333333333333333
0.41379310344827586
0.38461538461538464
0.4
0.3055555555555556
0.37142857142857144
0.26666666666666666
0.38461538461538464
0.2962962962962963
0.3055555555555556
0.4
0.36666666666666664
0.44
0.5
0.20454545454545456
0.4
0.3333333333333333
0.18181818181818182
0.25
0.36
0.2857142857142857
0.25
0.4166666666666667
0.5
0.4375
0.5833333333333334
0.4666666666666667
0.5
0.5384615384615384
0.41379310344827586
0.4
0.3333333333333333
0.3076923076923077
0.3793103448275862
0.30434782608695654
0.0
0.25
0.2894736842105263
0.3076923076923077
0.3181818181818182
0.2682926829268293
0.34782608695652173
0.3333333333333333
0.4090909090909091
0.2222222222222222
0.38461538461538464
0.25
0.23809523809523808
0.25
0.2
0.42105263157894735
0.3448275862068966
0.3888888888888889
0.2727272727272727
0.2727272727272727
0.28888888888888886
0.25
0.3
0.375
0.25806451612903225
0.36363636363636365
0.2857142857142857
0.37037037037037035
0.36363636363636365
0.26666666666666666
0.375
0.3
0.24
0.358974358974359
0.25
0.30303030303030304
0.4
0.2916666666666667
0.5263157894736842
0.3076923076923077
0.35714285714285715
0.3684210526315789
0.5454545454545454
0.3333333333333333
0.2
0.28
0.2857142857142857
0.15
0.25
0.2727272727272727
0.3
0.46153846153846156
0.5384615384615384
0.47368421052631576
0.42857142857142855
0.3939393939393939
0.32
0.3333333333333333
0.35
0.46153846153846156
0.4666666666666667
0.45454545454545453
0.5555555555555556
0.35294117647058826
0.34615384615384615
0.3684210526315789
0.1935483870967742
0.2857142857142857
0.46153846153846156
0.358974358974359
0.47058823529411764
0.3939393939393939
0.5
0.4
0.3
0.3125
0.15789473684210525
0.16666666666666666
0.36363636363636365
0.25
0.35294117647058826
0.47619047619047616
0.1
0.5
0.2926829268292683
0.18181818181818182
0.3275862068965517
0.34782608695652173
0.3829787234042553
0.33962264150943394
0.41379310344827586
0.35714285714285715
0.35714285714285715
0.45
0.3
0.5
0.45714285714285713
0.37037037037037035
0.3333333333333333
0.40350877192982454
0.34615384615384615
0.22580645161290322
0.4
0.3333333333333333
0.3888888888888889
0.43333333333333335
0.75
0.3333333333333333
0.34615384615384615
0.36666666666666664
0.4
0.4782608695652174
0.4230769230769231
0.4
0.32142857142857145
0.375
0.2413793103448276
0.35714285714285715
0.32
0.44
0.21739130434782608
0.4722222222222222
0.40476190476190477
0.22727272727272727
0.40425531914893614
0.21428571428571427
0.3
0.2222222222222222
0.35
0.2608695652173913
0.3333333333333333
0.5
0.22727272727272727
0.23529411764705882
0.15384615384615385
0.3333333333333333
0.2
0.3333333333333333
0.35135135135135137
0.31666666666666665
0.28
0.373134328358209
0.375
0.4307692307692308
0.3448275862068966
0.3877551020408163
0.3870967741935484
0.5789473684210527
0.3484848484848485
0.27419354838709675
0.47058823529411764
0.34615384615384615
0.3333333333333333
0.27586206896551724
0.14285714285714285
0.375
0.3333333333333333
0.41935483870967744
0.2894736842105263
0.3125
0.26666666666666666
0.34375
0.2916666666666667
0.2608695652173913
0.32432432432432434
0.3181818181818182
0.37142857142857144
0.48
0.29411764705882354
0.42105263157894735
0.23529411764705882
0.26666666666666666
0.3333333333333333
0.24
0.25
0.3055555555555556
0.23529411764705882
0.4166666666666667
0.21739130434782608
0.29411764705882354
0.2608695652173913
0.35714285714285715
0.21428571428571427
0.5714285714285714
0.48148148148148145
0.3225806451612903
0.25
0.1
0.16666666666666666
0.4166666666666667
0.30357142857142855
0.3968253968253968
0.2826086956521739
0.5555555555555556
0.3125
0.29411764705882354
0.22580645161290322
0.3103448275862069
0.16666666666666666
0.3488372093023256
0.38235294117647056
0.3225806451612903
0.3157894736842105
0.5
0.4230769230769231
0.34
0.4
0.4117647058823529
0.4444444444444444
0.3870967741935484
0.5555555555555556
0.5
0.3793103448275862
0.38095238095238093
0.32432432432432434
0.40625
0.3333333333333333
0.3125
0.35714285714285715
0.23076923076923078
0.2222222222222222
0.26666666666666666
0.39215686274509803
0.2641509433962264
0.34146341463414637
0.3953488372093023
0.35294117647058826
0.3783783783783784
0.30303030303030304
0.4358974358974359
0.4482758620689655
0.3333333333333333
0.23076923076923078
0.35714285714285715
0.4
0.3448275862068966
0.34375
0.2549019607843137
0.2857142857142857
0.4
0.35714285714285715
0.3
0.45714285714285713
0.3
0.30303030303030304
0.36666666666666664
0.4838709677419355
0.41379310344827586
0.32142857142857145
0.38461538461538464
0.3333333333333333
0.2857142857142857
0.16
0.27586206896551724
0.47619047619047616
0.2727272727272727
0.2857142857142857
0.25
0.4074074074074074
0.47368421052631576
0.12
0.37037037037037035
0.45454545454545453
0.34285714285714286
0.325
0.46153846153846156
0.3157894736842105
0.2222222222222222
0.3409090909090909
0.13043478260869565
0.3333333333333333
0.18181818181818182
0.3333333333333333
0.125
0.3
0.2727272727272727
0.5416666666666666
0.2
0.3333333333333333
0.2857142857142857
0.41935483870967744
0.32
0.23529411764705882
0.28
0.37209302325581395
0.3684210526315789
0.42857142857142855
0.2962962962962963
0.2777777777777778
0.3684210526315789
0.3
0.2765957446808511
0.0
0.36
0.25925925925925924
0.21212121212121213
0.4
0.3076923076923077
0.29411764705882354
0.09090909090909091
0.2857142857142857
0.2857142857142857
0.2857142857142857
0.23076923076923078
0.3333333333333333
0.2222222222222222
0.25
0.5
0.3684210526315789
0.3170731707317073
0.34210526315789475
0.2413793103448276
0.3055555555555556
0.3448275862068966
0.3225806451612903
0.3225806451612903
0.38333333333333336
0.23333333333333334
0.32
0.46153846153846156
0.2857142857142857
0.36
0.25
0.15384615384615385
0.27906976744186046
0.3333333333333333
0.3076923076923077
0.3333333333333333
0.058823529411764705
0.2222222222222222
0.225
0.21428571428571427
0.3333333333333333
0.4594594594594595
0.24489795918367346
0.4230769230769231
0.23529411764705882
0.3611111111111111
0.3333333333333333
0.25
0.3076923076923077
0.3333333333333333
0.25
0.1875
0.4782608695652174
0.4
0.3
0.38461538461538464
0.5555555555555556
0.38461538461538464
0.46875
0.4186046511627907
0.3088235294117647
0.3333333333333333
0.4
0.5454545454545454
0.2857142857142857
0.32
0.37209302325581395
0.39285714285714285
0.3333333333333333
0.35294117647058826
0.4358974358974359
0.3076923076923077
0.4117647058823529
0.2857142857142857
0.28205128205128205
0.325
0.27586206896551724
0.4117647058823529
0.38235294117647056
0.26666666666666666
0.36666666666666664
0.8333333333333334
0.44680851063829785
0.35714285714285715
0.43478260869565216
0.2916666666666667
0.35135135135135137
0.5
0.40476190476190477
0.41935483870967744
0.35
0.4166666666666667
0.38235294117647056
0.5185185185185185
0.2916666666666667
0.47619047619047616
0.17391304347826086
0.4090909090909091
0.3448275862068966
0.4
0.2777777777777778
0.5
0.42857142857142855
0.5
0.25925925925925924
0.5
0.5384615384615384
0.47368421052631576
0.47368421052631576
0.23529411764705882
0.4827586206896552
0.35294117647058826
0.3684210526315789
0.5
0.5
0.42105263157894735
0.45
0.45454545454545453
0.5294117647058824
0.39285714285714285
0.35714285714285715
0.25
0.4666666666666667
0.3023255813953488
0.4418604651162791
0.34782608695652173
0.3333333333333333
0.36666666666666664
0.6363636363636364
0.25806451612903225
0.375
0.2857142857142857
0.30434782608695654
0.2647058823529412
0.0
0.2608695652173913
0.2222222222222222
0.25
0.2777777777777778
0.4117647058823529
0.28125
0.41025641025641024
0.17391304347826086
0.3157894736842105
0.32432432432432434
0.2857142857142857
0.39215686274509803
0.391304347826087
0.3055555555555556
0.2857142857142857
0.3
0.24444444444444444
0.2727272727272727
0.36
0.25806451612903225
0.22857142857142856
0.3448275862068966
0.2608695652173913
0.4090909090909091
0.3235294117647059
0.25
0.2857142857142857
0.2903225806451613
0.34615384615384615
0.4642857142857143
0.5161290322580645
0.3541666666666667
0.4090909090909091
0.38461538461538464
0.275
0.35714285714285715
0.4090909090909091
0.35135135135135137
0.3333333333333333
0.2608695652173913
0.18181818181818182
0.2857142857142857
0.38461538461538464
0.16666666666666666
0.29411764705882354
0.375
0.22727272727272727
0.42857142857142855
0.2926829268292683
0.35294117647058826
0.34210526315789475
0.358974358974359
0.27906976744186046
0.4166666666666667
0.5
0.5
0.21428571428571427
0.35
0.2727272727272727
0.41935483870967744
0.3333333333333333
0.3888888888888889
0.3333333333333333
0.5
0.47368421052631576
0.3333333333333333
0.5
0.26666666666666666
0.4
0.4375
0.38461538461538464
0.11538461538461539
0.3548387096774194
0.19047619047619047
0.38095238095238093
0.4666666666666667
0.4666666666666667
0.5
0.25
0.42105263157894735
0.3888888888888889
0.45714285714285713
0.42424242424242425
0.4117647058823529
0.4
0.42105263157894735
0.3888888888888889
0.4838709677419355
0.42857142857142855
0.4444444444444444
0.5333333333333333
0.4166666666666667
0.4
0.42105263157894735
0.36585365853658536
0.44
0.2857142857142857
0.36363636363636365
0.4117647058823529
0.2962962962962963
0.3
0.16666666666666666
0.23333333333333334
0.4
0.125
0.43243243243243246
0.20833333333333334
0.2857142857142857
0.3939393939393939
0.3333333333333333
0.36363636363636365
0.25
0.3
0.36363636363636365
0.4782608695652174
0.2857142857142857
0.35714285714285715
0.4230769230769231
0.28125
0.1724137931034483
0.5
0.47619047619047616
0.42857142857142855
0.3220338983050847
0.3333333333333333
0.45454545454545453
0.5
0.4166666666666667
0.4
0.3076923076923077
0.4827586206896552
0.42857142857142855
0.38636363636363635
0.38461538461538464
0.36585365853658536
0.2777777777777778
0.34375
0.3333333333333333
0.5454545454545454
0.3684210526315789
0.375
0.3076923076923077
0.5
0.4444444444444444
0.3793103448275862
0.34782608695652173
0.37142857142857144
0.2857142857142857
0.4
0.4
0.2972972972972973
0.3333333333333333
0.34146341463414637
0.3333333333333333
0.2
0.3888888888888889
0.4583333333333333
0.375
0.7272727272727273
0.45454545454545453
0.46808510638297873
0.3333333333333333
0.42857142857142855
0.42857142857142855
0.40625
0.46153846153846156
0.2903225806451613
0.38461538461538464
0.4166666666666667
0.3684210526315789
0.2857142857142857
0.42105263157894735
0.3
0.36363636363636365
0.5555555555555556
0.1111111111111111
0.3
0.375
0.3076923076923077
0.375
0.391304347826087
0.3488372093023256
0.3
0.4166666666666667
0.3333333333333333
0.2692307692307692
0.46153846153846156
0.45454545454545453
0.3888888888888889
0.3870967741935484
0.47058823529411764
0.5
0.4375
0.4166666666666667
0.37777777777777777
0.38095238095238093
0.3333333333333333
0.4186046511627907
0.40625
0.35135135135135137
0.375
0.35294117647058826
0.45161290322580644
0.3333333333333333
0.3333333333333333
0.39285714285714285
0.4074074074074074
0.38461538461538464
0.4
0.45
0.38461538461538464
0.25
0.42857142857142855
0.52
0.36585365853658536
0.37209302325581395
0.41025641025641024
0.5
0.4666666666666667
0.3125
0.45454545454545453
0.25925925925925924
0.35294117647058826
0.22641509433962265
0.17142857142857143
0.23076923076923078
0.25
0.2
0.25
0.42857142857142855
0.32432432432432434
0.3333333333333333
0.2564102564102564
0.4
0.20270270270270271
0.25
0.2222222222222222
0.23333333333333334
0.3333333333333333
0.2727272727272727
0.2692307692307692
0.5555555555555556
0.3333333333333333
0.3548387096774194
0.3448275862068966
0.32142857142857145
0.2564102564102564
0.23076923076923078
0.34782608695652173
0.6
0.35714285714285715
0.3333333333333333
0.2702702702702703
0.3469387755102041
0.38235294117647056
0.4666666666666667
0.43859649122807015
0.35714285714285715
0.4411764705882353
0.3333333333333333
0.32653061224489793
0.4
1.0
0.3783783783783784
0.375
0.40476190476190477
0.23333333333333334
0.35714285714285715
0.35714285714285715
0.5
0.42857142857142855
0.4444444444444444
0.28
0.41379310344827586
0.36363636363636365
0.3333333333333333
0.23809523809523808
0.4
0.2
0.3333333333333333
0.375
0.35714285714285715
0.075
0.25
0.24489795918367346
0.40540540540540543
0.2608695652173913
0.3684210526315789
0.42105263157894735
0.42857142857142855
0.36363636363636365
0.34782608695652173
0.3939393939393939
0.4117647058823529
0.4117647058823529
0.5714285714285714
0.4074074074074074
0.45454545454545453
0.46153846153846156
0.1891891891891892
0.5714285714285714
0.35714285714285715
0.375
0.34782608695652173
0.3611111111111111
0.4117647058823529
0.35555555555555557
0.4444444444444444
0.35714285714285715
0.39285714285714285
0.35714285714285715
0.4
0.2857142857142857
0.16666666666666666
0.2857142857142857
0.25
0.5714285714285714
0.3888888888888889
0.22580645161290322
0.38095238095238093
0.42857142857142855
0.38461538461538464
0.4
0.42857142857142855
0.3611111111111111
0.3333333333333333
0.2857142857142857
0.34375
0.3125
0.34782608695652173
0.3888888888888889
0.4117647058823529
0.3333333333333333
0.3684210526315789
0.4375
0.3333333333333333
0.5
0.5
0.30612244897959184
0.3888888888888889
0.25
0.3939393939393939
0.3333333333333333
0.42857142857142855
0.3333333333333333
0.3783783783783784
0.4375
0.391304347826087
0.6428571428571429
0.625
0.2857142857142857
0.2978723404255319
0.37037037037037035
0.32
0.4074074074074074
0.27586206896551724
0.3333333333333333
0.21428571428571427
0.25
0.3333333333333333
0.25
0.3548387096774194
0.3076923076923077
0.3448275862068966
0.375
0.35294117647058826
0.5
0.42105263157894735
0.4375
0.42857142857142855
0.4090909090909091
0.5
0.2826086956521739
0.30952380952380953
0.3829787234042553
0.4166666666666667
0.42
0.4117647058823529
0.1568627450980392
0.375
0.2857142857142857
0.32
0.23529411764705882
0.26666666666666666
0.30434782608695654
0.3333333333333333
0.2692307692307692
0.35294117647058826
0.3333333333333333
0.32
0.3695652173913043
0.42857142857142855
0.26666666666666666
0.2857142857142857
0.28205128205128205
0.23333333333333334
0.38095238095238093
0.3076923076923077
0.30303030303030304
0.2857142857142857
0.3333333333333333
0.23529411764705882
0.2727272727272727
0.2727272727272727
0.45454545454545453
0.38461538461538464
0.3
0.42105263157894735
0.4444444444444444
0.4
0.25
0.3333333333333333
0.28125
0.4166666666666667
0.34285714285714286
0.3888888888888889
0.3333333333333333
0.3333333333333333
0.3111111111111111
0.2857142857142857
0.4666666666666667
0.375
0.28
0.23076923076923078
0.21052631578947367
0.3157894736842105
0.24
0.3076923076923077
0.3125
0.14285714285714285
0.23529411764705882
0.22727272727272727
0.3793103448275862
0.23809523809523808
0.35714285714285715
0.3333333333333333
0.32
0.2222222222222222
0.34285714285714286
0.3333333333333333
0.25
0.42105263157894735
0.3103448275862069
0.4117647058823529
0.4
0.3939393939393939
0.3870967741935484
0.44
0.4117647058823529
0.6
0.2826086956521739
0.30612244897959184
0.3269230769230769
0.3333333333333333
0.14285714285714285
0.25
0.14285714285714285
0.2
0.25
0.16666666666666666
0.5
0.3
0.30952380952380953
0.2692307692307692
0.3
0.36363636363636365
0.3333333333333333
0.3888888888888889
0.38461538461538464
0.3333333333333333
0.0
0.3
0.14814814814814814
0.3684210526315789
0.29411764705882354
0.2222222222222222
0.3125
0.4
0.3225806451612903
0.2903225806451613
0.45161290322580644
0.42857142857142855
0.36363636363636365
0.2962962962962963
0.4
0.3333333333333333
0.3333333333333333
0.4117647058823529
0.32432432432432434
0.32
0.3333333333333333
0.42857142857142855
0.24
0.30434782608695654
0.35714285714285715
0.3333333333333333
0.34210526315789475
0.3
0.30434782608695654
0.6363636363636364
0.36363636363636365
0.6
0.3333333333333333
0.21621621621621623
0.3333333333333333
0.30952380952380953
0.25
0.3684210526315789
0.3888888888888889
0.4
0.23076923076923078
0.4090909090909091
0.42857142857142855
0.3939393939393939
0.3333333333333333
0.30434782608695654
0.4666666666666667
0.38095238095238093
0.45454545454545453
0.38461538461538464
0.3333333333333333
0.4090909090909091
0.35
0.40425531914893614
0.3888888888888889
0.4444444444444444
0.36666666666666664
0.4
0.32432432432432434
0.3333333333333333
0.25
0.2777777777777778
0.2
0.391304347826087
0.4
0.3333333333333333
0.23076923076923078
0.4
0.4
0.3
0.4583333333333333
0.38461538461538464
0.5714285714285714
0.25
0.5
0.5454545454545454
0.34210526315789475
0.35294117647058826
0.3333333333333333
0.15
0.35294117647058826
0.3
0.4375
0.35
0.3142857142857143
0.30952380952380953
0.21428571428571427
0.2
0.2857142857142857
0.23076923076923078
0.25
0.5
0.3548387096774194
0.2222222222222222
0.4166666666666667
0.35294117647058826
0.4444444444444444
0.2978723404255319
0.4444444444444444
0.32786885245901637
0.41379310344827586
0.3157894736842105
0.225
0.5
0.35
0.35714285714285715
0.35714285714285715
0.24242424242424243
0.32
0.2
0.2857142857142857
0.14285714285714285
0.0
0.4
0.2857142857142857
0.375
0.2727272727272727
0.2857142857142857
0.37142857142857144
0.2222222222222222
0.5
0.3181818181818182
0.3333333333333333
0.3
0.6363636363636364
0.44
0.37037037037037035
0.2962962962962963
0.2608695652173913
0.4
0.25
0.4166666666666667
0.3181818181818182
0.3888888888888889
0.2727272727272727
0.32432432432432434
0.25
0.3448275862068966
0.2631578947368421
0.35714285714285715
0.28
0.2962962962962963
0.4
0.2222222222222222
0.24324324324324326
0.4
0.3770491803278688
0.35294117647058826
0.3333333333333333
0.37254901960784315
0.2727272727272727
0.36363636363636365
0.4444444444444444
0.27906976744186046
0.0
0.38461538461538464
0.34285714285714286
0.47619047619047616
0.42857142857142855
0.5333333333333333
0.28
0.3125
0.5
0.42857142857142855
0.3793103448275862
0.2972972972972973
0.4090909090909091
0.3125
0.23809523809523808
0.27586206896551724
0.2222222222222222
0.3023255813953488
0.3
0.4166666666666667
0.358974358974359
0.1875
0.2903225806451613
0.2727272727272727
0.2857142857142857
0.16666666666666666
0.30303030303030304
0.42105263157894735
0.3142857142857143
0.3333333333333333
0.3076923076923077
0.3333333333333333
0.15384615384615385
0.2948717948717949
0.2
0.5714285714285714
0.2857142857142857
0.4666666666666667
0.3793103448275862
0.2857142857142857
0.2
0.2
0.3157894736842105
0.3617021276595745
0.35
0.30434782608695654
0.18181818181818182
0.2727272727272727
0.3333333333333333
0.3
0.26666666666666666
0.373134328358209
0.375
0.2
0.3333333333333333
0.14285714285714285
0.15384615384615385
0.358974358974359
0.3333333333333333
0.38095238095238093
0.43333333333333335
0.38461538461538464
0.3
0.4375
0.2898550724637681
0.36363636363636365
0.3939393939393939
0.32
0.391304347826087
0.5294117647058824
0.4
0.3333333333333333
0.5882352941176471
0.5
0.4090909090909091
0.125
0.1875
0.36363636363636365
0.3103448275862069
0.3235294117647059
0.42857142857142855
0.2857142857142857
0.18518518518518517
0.2857142857142857
0.23076923076923078
0.3333333333333333
0.3076923076923077
0.5
0.2857142857142857
0.21428571428571427
0.3225806451612903
0.35
0.45454545454545453
0.3939393939393939
0.32
0.3333333333333333
0.25
0.4
0.3333333333333333
0.5
0.20833333333333334
0.3333333333333333
0.3333333333333333
0.2
0.15384615384615385
0.3333333333333333
0.3793103448275862
0.2631578947368421
0.36
0.2222222222222222
0.33766233766233766
0.1875
0.3333333333333333
